# Type: scattered data
# Version: 6
# Description: No description
# Format: free
# Field: 1 x
# Field: 2 y
# Field: 3 z feet
# Field: 4 column
# Field: 5 row
# Projection: Local Rectangular
# Units: meters
# End:
# Information from grid:
# Grid_size: 62 x 2
# Grid_space: 1036305.797468,1041302.061761,1242386.676764,1241941.370407
# Scattered data: Not_available
# Z_field: z
# Vertical_faults: Not_available
# History: No history
# Z_units: feet
1036305.797468 1242386.676764 -0.000000 1 1
1036402.151320 1242413.406690 -0.000000 2 1
1036498.439321 1242440.121858 -0.000000 3 1
1036594.589393 1242466.802261 -0.000000 4 1
1036690.703406 1242493.476157 -0.000000 5 1
1036786.792965 1242520.146767 -0.000000 6 1
1036882.881644 1242546.820634 -0.000000 7 1
1036979.086728 1242573.530323 -0.000000 8 1
1037075.369228 1242600.265022 -0.000000 9 1
1037171.650844 1242627.002996 -0.000000 10 1
1037267.931575 1242653.744246 -0.000000 11 1
1037364.211420 1242680.488774 -0.000000 12 1
1037460.490380 1242707.236580 -0.000000 13 1
1037556.768454 1242733.987666 -0.000000 14 1
1037653.045641 1242760.742035 -0.000000 15 1
1037749.321942 1242787.499687 -0.000000 16 1
1037845.597355 1242814.260623 -0.000000 17 1
1037941.871881 1242841.024846 -0.000000 18 1
1038038.145518 1242867.792356 -0.000000 19 1
1038133.084402 1242898.384872 -0.000000 20 1
1038227.002352 1242930.472853 -0.000000 21 1
1038316.255907 1242979.940764 -0.000000 22 1
1038404.998502 1243031.300292 -0.000000 23 1
1038493.196278 1243084.676778 -0.000000 24 1
1038580.812320 1243140.206885 -0.000000 25 1
1038667.806302 1243198.039910 -0.000000 26 1
1038754.134078 1243258.339276 -0.000000 27 1
1038839.747228 1243321.284241 -0.000000 28 1
1038924.592522 1243387.071870 -0.000000 29 1
1039008.611308 1243455.919293 -0.000000 30 1
1039091.738804 1243528.066337 -0.000000 31 1
1039173.903279 1243603.778560 -0.000000 32 1
1039255.025089 1243683.350804 -0.000000 33 1
1039335.041588 1243767.139530 -0.000000 34 1
1039414.092695 1243855.795052 -0.000000 35 1
1039491.792002 1243949.455041 -0.000000 36 1
1039522.256514 1243982.477007 -0.000000 37 1
1039554.449025 1244014.312745 -0.000000 38 1
1039588.260359 1244044.849070 -0.000000 39 1
1039623.581343 1244073.972794 -0.000000 40 1
1039660.302802 1244101.570730 -0.000000 41 1
1039698.315562 1244127.529690 -0.000000 42 1
1039737.510448 1244151.736488 -0.000000 43 1
1039777.778286 1244174.077935 -0.000000 44 1
1039819.009902 1244194.440846 -0.000000 45 1
1039861.096120 1244212.712032 -0.000000 46 1
1039903.927767 1244228.778307 -0.000000 47 1
1039947.395669 1244242.526483 -0.000000 48 1
1039991.390650 1244253.843373 -0.000000 49 1
1040035.803537 1244262.615791 -0.000000 50 1
1040080.525154 1244268.730548 -0.000000 51 1
1040125.446328 1244272.074457 -0.000000 52 1
1040175.822967 1244273.780612 -0.000000 53 1
1040224.986899 1244280.056651 -0.000000 54 1
1040248.663177 1244287.187972 -0.000000 55 1
1040271.652913 1244296.933038 -0.000000 56 1
1040315.354217 1244321.998918 -0.000000 57 1
1040407.201720 1244396.374567 -92.647435 58 1
1040490.747715 1244476.440215 -119.219914 59 1
1040516.606060 1244496.108753 -151.744529 60 1
1040542.464405 1244515.777290 -184.263789 61 1
1040596.942068 1244551.776604 -251.287397 62 1
1036645.423900 1241129.354139 9402.641367 1 2
1036740.926167 1241159.236698 9385.129906 2 2
1036836.364039 1241189.099107 9358.893266 3 2
1036931.666072 1241218.919013 9341.449905 4 2
1037026.933236 1241248.728008 9315.257940 5 2
1037122.177033 1241278.529692 9259.710421 6 2
1037217.420831 1241308.331376 9242.335711 7 2
1037312.780883 1241338.169436 9191.789191 8 2
1037408.218547 1241368.031780 9174.404999 9 2
1037503.656212 1241397.894125 9133.184987 10 2
1037599.093877 1241427.756470 9100.136001 11 2
1037694.531541 1241457.618814 9082.781899 12 2
1037789.969206 1241487.481159 9054.739462 13 2
1037885.406870 1241517.343504 9037.396879 14 2
1037980.844535 1241547.205848 9031.360459 15 2
1038076.282200 1241577.068193 9104.481530 16 2
1038171.719864 1241606.930538 9149.898811 17 2
1038267.157529 1241636.792882 9152.107207 18 2
1038362.595194 1241666.655227 9131.463479 19 2
1038463.945120 1241673.513580 9149.093907 20 2
1038565.595108 1241676.976974 9159.991665 21 2
1038666.885671 1241681.882976 9132.488586 22 2
1038768.176235 1241686.788978 9103.909304 23 2
1038869.466798 1241691.694980 9079.204048 24 2
1038970.757361 1241696.600982 9065.053180 25 2
1039072.047925 1241701.506984 9063.907967 26 2
1039173.338488 1241706.412987 9064.203360 27 2
1039274.629051 1241711.318989 9059.141340 28 2
1039375.919614 1241716.224991 9053.797585 29 2
1039477.210178 1241721.130993 9082.809949 30 2
1039578.500741 1241726.036995 9068.176839 31 2
1039679.791304 1241730.942997 9050.986102 32 2
1039781.081868 1241735.848999 9042.278697 33 2
1039882.405636 1241740.756610 9033.569235 34 2
1039984.074116 1241745.680916 9024.830943 35 2
1040085.742595 1241750.605223 9016.093454 36 2
1040129.408475 1241753.739036 9004.742395 37 2
1040173.074355 1241756.872849 8993.392689 38 2
1040216.665587 1241761.159609 8982.044338 39 2
1040260.256819 1241765.446368 8970.697341 40 2
1040303.753208 1241770.806863 8959.351697 41 2
1040347.249598 1241776.167358 8939.020661 42 2
1040390.630951 1241782.522377 8927.697284 43 2
1040434.012304 1241788.877395 8916.375258 44 2
1040477.180715 1241796.565778 8905.054583 45 2
1040520.349125 1241804.254160 8893.735258 46 2
1040563.517535 1241811.942543 8882.417284 47 2
1040606.685945 1241819.630926 8871.100660 48 2
1040649.503117 1241828.833089 8850.846070 49 2
1040692.320289 1241838.035253 8839.551886 50 2
1040735.137461 1241847.237416 8828.259051 51 2
1040777.954633 1241856.439580 8816.967562 52 2
1040825.572357 1241868.399621 8793.628691 53 2
1040873.190082 1241880.359662 8761.401931 54 2
1040896.873885 1241887.121552 8748.049705 55 2
1040920.557688 1241893.883443 8734.699368 56 2
1040968.436620 1241904.238688 8708.004357 57 2
1041078.051126 1241912.839556 8536.625300 58 2
1041177.613429 1241933.611623 8444.735506 59 2
1041208.417447 1241937.783814 8393.497154 60 2
1041239.485521 1241940.042438 8342.286746 61 2
1041302.061761 1241941.370407 8239.949705 62 2
