# Type: scattered data
# Version: 6
# Description: No description
# Format: free
# Field: 1 x
# Field: 2 y
# Field: 3 z feet
# Field: 4 column
# Field: 5 row
# Projection: Local Rectangular
# Units: meters
# End:
# Information from grid:
# Grid_size: 86 x 2
# Grid_space: 1035204.857795,1043605.847199,1240719.166349,1240776.237284
# Scattered data: Not_available
# Z_field: z
# Vertical_faults: Not_available
# History: No history
# Z_units: feet
1035204.857795 1240719.166349 -0.000000 1 1
1035283.386089 1240798.537056 -0.000000 2 1
1035327.545434 1240823.280998 -0.000000 3 1
1035376.156689 1240836.241196 -0.000000 4 1
1035428.914715 1240836.449542 -0.000000 5 1
1035481.672741 1240836.657889 -0.000000 6 1
1035578.254220 1240863.213115 -0.000000 7 1
1035674.837522 1240889.763008 -0.000000 8 1
1035771.422627 1240916.307625 -0.000000 9 1
1035868.009516 1240942.847022 -0.000000 10 1
1035964.598171 1240969.381255 -0.000000 11 1
1036061.188573 1240995.910377 -0.000000 12 1
1036157.612003 1241022.388122 -0.000000 13 1
1036254.031095 1241048.859222 -0.000000 14 1
1036350.451874 1241075.325387 -0.000000 15 1
1036446.874322 1241101.786670 -0.000000 16 1
1036543.298422 1241128.243120 -0.000000 17 1
1036637.936240 1241154.204369 -0.000000 18 1
1036734.238329 1241180.617045 -0.000000 19 1
1036830.542017 1241207.025047 -0.000000 20 1
1036925.755184 1241233.129035 -0.000000 21 1
1037020.839566 1241259.192830 -0.000000 22 1
1037115.925460 1241285.252203 -0.000000 23 1
1037211.105126 1241311.332483 -0.000000 24 1
1037307.674048 1241337.788582 -0.000000 25 1
1037404.244482 1241364.240257 -0.000000 26 1
1037500.816413 1241390.687552 -0.000000 27 1
1037597.389827 1241417.130511 -0.000000 28 1
1037693.964707 1241443.569177 -0.000000 29 1
1037790.541041 1241470.003592 -0.000000 30 1
1037887.585050 1241495.069803 -0.000000 31 1
1037984.723052 1241519.861027 -0.000000 32 1
1038081.185120 1241544.440257 -0.000000 33 1
1038177.560773 1241568.958215 -0.000000 34 1
1038274.643711 1241591.406973 -0.000000 35 1
1038372.195204 1241612.484952 -0.000000 36 1
1038469.715118 1241633.655316 -0.000000 37 1
1038567.204017 1241654.916419 -0.000000 38 1
1038664.662449 1241676.266653 -0.000000 39 1
1038762.874582 1241697.877252 -0.000000 40 1
1038861.082806 1241719.581008 -0.000000 41 1
1038959.261663 1241741.370680 -0.000000 42 1
1039056.479217 1241763.036538 -0.000000 43 1
1039151.124406 1241784.213320 -0.000000 44 1
1039246.225229 1241805.574383 -0.000000 45 1
1039342.854197 1241827.361879 -0.000000 46 1
1039440.500983 1241849.462688 -0.000000 47 1
1039538.121477 1241871.640419 -0.000000 48 1
1039635.716118 1241893.893782 -0.000000 49 1
1039733.481678 1241916.266520 -0.000000 50 1
1039831.359396 1241938.744258 -0.000000 51 1
1039929.212364 1241961.294405 -0.000000 52 1
1040027.040990 1241983.915767 -0.000000 53 1
1040124.845673 1242006.607175 -0.000000 54 1
1040222.626802 1242029.367488 -0.000000 55 1
1040320.384762 1242052.195588 -0.000000 56 1
1040418.092173 1242075.083870 -0.000000 57 1
1040515.728162 1242098.026205 -0.000000 58 1
1040613.342113 1242121.033015 -0.000000 59 1
1040710.934375 1242144.103277 -0.000000 60 1
1040808.505290 1242167.235990 -0.000000 61 1
1040906.055194 1242190.430172 -0.000000 62 1
1040978.318384 1242216.032761 -0.000000 63 1
1041047.395082 1242250.174056 -0.000000 64 1
1041170.834460 1242341.549082 -0.000000 65 1
1041249.910142 1242418.790510 -0.000000 66 1
1041334.749171 1242479.298133 -0.000000 67 1
1041421.209294 1242535.176552 -0.000000 68 1
1041506.398204 1242594.773969 -0.000000 69 1
1041584.539245 1242674.990274 -0.000000 70 1
1041658.460208 1242767.552621 -0.000000 71 1
1041734.448523 1242854.066833 -0.000000 72 1
1041807.343285 1242949.631382 -0.000000 73 1
1041873.768130 1243064.123995 -0.000000 74 1
1041949.600737 1243151.093738 -0.000000 75 1
1042019.888972 1243254.283811 -0.000000 76 1
1042046.540809 1243322.779412 -0.000000 77 1
1042081.322729 1243383.378096 -0.000000 78 1
1042099.944905 1243400.171009 -0.000000 79 1
1042121.302979 1243414.697703 -0.000000 80 1
1042166.973908 1243441.623123 -0.000000 81 1
1042248.939619 1243510.650165 -0.000000 82 1
1042323.525610 1243601.266945 -0.000000 83 1
1042411.343007 1243653.174592 -0.000000 84 1
1042505.043981 1243687.869543 -0.000000 85 1
1042598.744956 1243722.564495 -0.000000 86 1
1035900.474478 1238684.105484 8748.046089 1 2
1036027.679190 1238621.070933 9167.589115 2 2
1036089.769691 1238589.555301 9367.509462 3 2
1036153.803199 1238561.198032 9626.050924 4 2
1036210.077787 1238543.584963 9756.541342 5 2
1036267.710395 1238537.066019 9887.191261 6 2
1036367.656547 1238553.777729 9941.698060 7 2
1036467.602698 1238570.489439 9996.232620 8 2
1036567.548850 1238587.201150 9992.309187 9 2
1036667.495001 1238603.912860 10046.868382 10 2
1036767.441153 1238620.624570 10101.455365 11 2
1036867.387305 1238637.336281 10147.245561 12 2
1036967.158900 1238654.018804 10201.717212 13 2
1037066.924244 1238670.700282 10256.213143 14 2
1037166.689587 1238687.381759 10301.684923 15 2
1037266.454930 1238704.063237 10356.160670 16 2
1037366.220273 1238720.744715 10410.664112 17 2
1037464.135792 1238737.116889 10454.907210 18 2
1037563.771567 1238753.776702 10509.319078 19 2
1037663.407343 1238770.436516 10563.758572 20 2
1037761.913258 1238786.907408 10555.240269 21 2
1037860.284355 1238803.355758 10609.001737 22 2
1037958.655452 1238819.804108 10715.588408 23 2
1038057.122011 1238836.268419 10754.437496 24 2
1038157.024233 1238852.972784 10846.952227 25 2
1038256.926455 1238869.677149 10889.275653 26 2
1038356.828677 1238886.381514 10981.052425 27 2
1038456.730899 1238903.085879 11023.136059 28 2
1038556.633122 1238919.790244 11113.373847 29 2
1038656.535344 1238936.494609 11174.685782 30 2
1038752.581624 1238964.479722 11242.064109 31 2
1038847.947465 1238994.455495 11302.879810 32 2
1038942.637515 1239024.218850 11362.085282 33 2
1039037.230621 1239053.951734 11419.543563 34 2
1039132.099212 1239082.878675 11480.488998 35 2
1039227.162609 1239111.235701 11543.178332 36 2
1039322.226006 1239139.592727 11603.982086 37 2
1039417.289404 1239167.949753 11663.223671 38 2
1039512.352801 1239196.306778 11720.892501 39 2
1039608.180924 1239224.891919 11760.956068 40 2
1039704.034395 1239253.484621 11768.490273 41 2
1039799.887866 1239282.077322 11774.416744 42 2
1039894.830576 1239310.398347 11807.253447 43 2
1039987.287231 1239337.977793 11810.228851 44 2
1040080.214523 1239365.697627 11842.323559 45 2
1040174.660839 1239393.870580 11844.305529 46 2
1040270.127983 1239422.348042 11877.230058 47 2
1040365.595126 1239450.825504 11877.909889 48 2
1040461.062270 1239479.302966 11876.952277 49 2
1040556.721547 1239507.837740 11909.834321 50 2
1040652.515174 1239536.412590 11907.223860 51 2
1040748.308800 1239564.987441 11940.101270 52 2
1040844.102427 1239593.562291 11935.445738 53 2
1040939.896054 1239622.137141 11968.271479 54 2
1041035.689681 1239650.711992 11961.378032 55 2
1041131.483308 1239679.286842 11952.233182 56 2
1041227.249732 1239707.853578 11984.934251 57 2
1041322.968110 1239736.405982 11973.343156 58 2
1041418.686487 1239764.958386 12005.974999 59 2
1041514.404864 1239793.510789 11991.822016 60 2
1041610.123241 1239822.063193 12024.401472 61 2
1041705.841619 1239850.615597 11824.152129 62 2
1041777.067542 1239874.079524 11806.674686 63 2
1041848.293465 1239897.543451 11777.081800 64 2
1041986.720542 1239954.634165 11730.132039 65 2
1042076.784359 1239999.729265 11623.053540 66 2
1042166.902060 1240044.793872 11532.255563 67 2
1042257.058613 1240089.858203 11403.332506 68 2
1042347.215166 1240134.922534 11144.984805 69 2
1042437.042420 1240180.950246 11048.663805 70 2
1042526.837769 1240227.071300 10951.472962 71 2
1042616.532261 1240273.487412 10871.745117 72 2
1042706.204939 1240319.967345 10782.750171 73 2
1042795.877617 1240366.447277 10681.314935 74 2
1042886.249394 1240410.881960 10604.238064 75 2
1042976.627803 1240455.297240 10532.601351 76 2
1043021.817008 1240477.504880 10494.918752 77 2
1043067.006213 1240499.712520 10466.675249 78 2
1043089.517405 1240511.060361 10455.152765 79 2
1043112.028597 1240522.408203 10443.631604 80 2
1043157.050980 1240545.103885 10416.038129 81 2
1043247.094272 1240590.499570 10368.624932 82 2
1043337.137563 1240635.895254 10322.666868 83 2
1043426.781826 1240682.458315 10267.182232 84 2
1043516.314512 1240729.347799 10211.922505 85 2
1043605.847199 1240776.237284 10156.807922 86 2
