# Type: scattered data
# Version: 6
# Description: No description
# Format: free
# Field: 1 x
# Field: 2 y
# Field: 3 z feet
# Field: 4 column
# Field: 5 row
# Projection: Local Rectangular
# Units: meters
# End:
# Information from grid:
# Grid_size: 84 x 2
# Grid_space: 1039549.299174,1036871.949554,1247206.874820,1244092.939060
# Scattered data: Not_available
# Z_field: z
# Vertical_faults: Not_available
# History: No history
# Z_units: feet
1039549.299174 1247206.874820 -0.000000 1 1
1039516.289062 1247211.248790 -0.000000 2 1
1039447.250854 1247218.408737 -0.000000 3 1
1039407.606001 1247221.509904 -0.000000 4 1
1039380.536087 1247223.273690 -0.000000 5 1
1039315.458350 1247226.521657 -0.000000 6 1
1039274.191909 1247227.967272 -0.000000 7 1
1039251.577372 1247228.587516 -0.000000 8 1
1039188.597772 1247229.763034 -0.000000 9 1
1039145.088723 1247230.166514 -0.000000 10 1
1039126.313986 1247230.251256 -0.000000 11 1
1039115.033908 1247227.837568 -0.000000 12 1
1039104.146346 1247223.484900 -0.000000 13 1
1039083.435570 1247211.571698 -0.000000 14 1
1039058.234879 1247195.213522 -0.000000 15 1
1039046.167801 1247187.350186 -0.000000 16 1
1039009.014986 1247163.015127 -0.000000 17 1
1038988.716469 1247149.639106 -0.000000 18 1
1038971.977937 1247138.565720 -0.000000 19 1
1038935.057473 1247114.001155 -0.000000 20 1
1038919.605235 1247103.662498 -0.000000 21 1
1038898.254421 1247089.320615 -0.000000 22 1
1038861.569617 1247064.523276 -0.000000 23 1
1038850.906602 1247057.278342 -0.000000 24 1
1038825.003903 1247039.608304 -0.000000 25 1
1038788.558130 1247014.574860 -0.000000 26 1
1038782.626090 1247010.481183 -0.000000 27 1
1038752.233158 1246989.422094 -0.000000 28 1
1038716.029853 1246964.149150 -0.000000 29 1
1038714.769320 1246963.265472 -0.000000 30 1
1038679.949092 1246938.755163 -0.000000 31 1
1038647.414818 1246915.677395 -0.000000 32 1
1038643.991758 1246913.239259 -0.000000 33 1
1038608.158745 1246887.600558 -0.000000 34 1
1038581.151796 1246868.135461 -0.000000 35 1
1038572.450953 1246861.838169 -0.000000 36 1
1038536.869291 1246835.951193 -0.000000 37 1
1038515.320333 1246820.167252 -0.000000 38 1
1038501.414680 1246809.938722 -0.000000 39 1
1038466.088047 1246783.799840 -0.000000 40 1
1038449.926269 1246771.767000 -0.000000 41 1
1038384.975550 1246722.928830 -0.000000 42 1
1038320.474233 1246673.646761 -0.000000 43 1
1038256.428482 1246623.914703 -0.000000 44 1
1038192.844576 1246573.726455 -0.000000 45 1
1038129.728910 1246523.075699 -0.000000 46 1
1038067.087998 1246471.956002 -0.000000 47 1
1038006.429033 1246421.616782 -0.000000 48 1
1037946.806755 1246371.305461 -0.000000 49 1
1037887.646484 1246320.537790 -0.000000 50 1
1037825.376399 1246266.155701 -0.000000 51 1
1037759.319342 1246207.362490 -0.000000 52 1
1037692.177084 1246149.641193 -0.000000 53 1
1037622.723509 1246094.202914 -0.000000 54 1
1037556.714940 1246042.269821 -0.000000 55 1
1037490.334737 1245990.761327 -0.000000 56 1
1037415.171377 1245933.275567 -0.000000 57 1
1037377.225735 1245904.689945 -0.000000 58 1
1037339.280093 1245876.104323 -0.000000 59 1
1037302.040323 1245845.412198 -0.000000 60 1
1037282.813729 1245831.267257 -0.000000 61 1
1037272.689757 1245825.218938 -0.000000 62 1
1037262.565785 1245819.170618 -0.000000 63 1
1037237.918189 1245808.686591 -0.000000 64 1
1037211.904724 1245800.997969 -0.000000 65 1
1037157.992199 1245789.755098 -0.000000 66 1
1037104.221162 1245777.802768 -0.000000 67 1
1037052.259153 1245761.484841 -0.000000 68 1
1037029.508928 1245751.477795 -0.000000 69 1
1037006.758704 1245741.470750 -0.000000 70 1
1036961.994860 1245719.292531 -0.000000 71 1
1036871.844093 1245677.149204 -0.000000 72 1
1036781.696135 1245635.003101 -0.000000 73 1
1036691.058656 1245592.624005 -0.000000 74 1
1036600.219550 1245550.146469 -0.000000 75 1
1036509.383315 1245507.666095 -0.000000 76 1
1036418.549959 1245465.182879 -0.000000 77 1
1036327.719488 1245422.696813 -0.000000 78 1
1036236.891908 1245380.207891 -0.000000 79 1
1036146.067225 1245337.716107 -0.000000 80 1
1036045.924170 1245304.620064 -0.000000 81 1
1035938.134426 1245279.167087 -0.000000 82 1
1035840.408884 1245243.773129 -0.000000 83 1
1035739.725663 1245211.300637 -0.000000 84 1
1041840.014967 1244944.205265 6801.934627 1 2
1041824.618463 1244931.181279 6834.365310 2 2
1041791.333703 1244903.025523 6920.812101 3 2
1041771.669066 1244886.391101 6962.501003 4 2
1041758.048944 1244874.869767 7008.069977 5 2
1041724.764184 1244846.714011 7079.067761 6 2
1041703.323164 1244828.576937 7124.837206 7 2
1041691.479425 1244818.558255 7167.549889 8 2
1041658.194665 1244790.402499 7239.036072 9 2
1041634.977262 1244770.762773 7313.015689 10 2
1041624.909906 1244762.246743 7334.689871 11 2
1041612.686910 1244756.858004 7338.751493 12 2
1041598.958708 1244754.881053 7342.813329 13 2
1041569.846661 1244755.602829 7350.937640 14 2
1041528.374318 1244755.317084 7351.084928 15 2
1041508.485171 1244755.180048 7351.155563 16 2
1041447.123680 1244754.757268 7351.373487 17 2
1041413.517758 1244754.525723 7351.492838 18 2
1041385.762189 1244754.334487 7351.591411 19 2
1041324.400699 1244753.911707 7351.809336 20 2
1041298.661198 1244753.734362 7351.900750 21 2
1041263.039208 1244753.488926 7352.027262 22 2
1041201.677717 1244753.066146 7352.245188 23 2
1041183.804638 1244752.943000 7352.308665 24 2
1041140.316226 1244752.643365 7352.463115 25 2
1041078.954736 1244752.220585 7352.681042 26 2
1041068.948078 1244752.151639 7352.716581 27 2
1041017.593245 1244751.797804 7352.898970 28 2
1040956.231754 1244751.375024 7353.116899 29 2
1040954.091518 1244751.360278 7353.124500 30 2
1040894.870264 1244750.952243 7353.334828 31 2
1040839.359379 1244750.569773 7353.531979 32 2
1040833.508773 1244750.529463 7353.552757 33 2
1040772.147282 1244750.106682 7353.770688 34 2
1040725.757549 1244749.787057 7353.935445 35 2
1040710.785791 1244749.683902 7353.988619 36 2
1040649.424301 1244749.261121 7354.206551 37 2
1040612.155720 1244749.004341 7354.338914 38 2
1040588.062810 1244748.838341 7354.424483 39 2
1040526.701319 1244748.415560 7354.642416 40 2
1040498.553891 1244748.221625 7354.742385 41 2
1040384.952062 1244747.438908 7355.145858 42 2
1040271.350232 1244746.656192 7355.549333 43 2
1040157.748403 1244745.873476 7355.952810 44 2
1040044.146574 1244745.090760 7356.356289 45 2
1039930.544745 1244744.308043 7356.759771 46 2
1039816.942915 1244743.525327 7357.163254 47 2
1039706.093981 1244742.761578 7357.556962 48 2
1039596.302602 1244742.005116 7361.206485 49 2
1039486.511222 1244741.248654 7362.174098 50 2
1039369.997701 1244740.445876 7351.789597 51 2
1039245.288575 1244739.586630 7353.048632 52 2
1039121.586523 1244737.732641 7358.825653 53 2
1038999.151905 1244734.626735 7289.880335 54 2
1038883.535811 1244731.693801 7220.578692 55 2
1038767.976486 1244728.762306 7149.799330 56 2
1038637.954094 1244725.463915 7061.171192 57 2
1038573.905055 1244721.459669 7015.062766 58 2
1038507.532448 1244722.155395 6970.743546 59 2
1038437.669702 1244729.330637 6936.664914 60 2
1038405.067287 1244728.206637 6927.219020 61 2
1038390.176945 1244724.790312 6925.650201 62 2
1038376.542846 1244718.832467 6925.273854 63 2
1038359.213109 1244705.190410 6918.777300 64 2
1038344.314278 1244686.874395 6916.241656 65 2
1038318.921027 1244643.040030 6916.094532 66 2
1038294.251850 1244599.656508 6911.313314 67 2
1038263.517096 1244565.056860 6901.370179 68 2
1038242.677640 1244552.255674 6898.061453 69 2
1038219.300341 1244542.489955 6892.584023 70 2
1038169.644300 1244526.428873 6882.948699 71 2
1038075.886650 1244487.848268 6880.252123 72 2
1037982.129000 1244449.267662 6878.600343 73 2
1037887.859275 1244410.476342 6839.591785 74 2
1037793.376864 1244371.597503 6834.554593 75 2
1037698.894454 1244332.718664 6807.853919 76 2
1037604.412043 1244293.839825 6801.826932 77 2
1037509.929633 1244254.960986 6794.954718 78 2
1037415.447222 1244216.082146 6787.275878 79 2
1037320.964812 1244177.203307 6760.224214 80 2
1037212.288581 1244152.535964 6624.547369 81 2
1037098.678365 1244132.832197 6461.900441 82 2
1036985.309429 1244112.890103 6299.239581 83 2
1036871.949554 1244092.939060 6148.499694 84 2
