# Type: scattered data
# Version: 6
# Description: No description
# Format: free
# Field: 1 x
# Field: 2 y
# Field: 3 z feet
# Field: 4 column
# Field: 5 row
# Projection: Local Rectangular
# Units: meters
# End:
# Information from grid:
# Grid_size: 77 x 2
# Grid_space: 1035813.181544,1041652.592738,1241840.096110,1242047.098589
# Scattered data: Not_available
# Z_field: z
# Vertical_faults: Not_available
# History: No history
# Z_units: feet
1035813.181544 1241840.096110 -0.000000 1 1
1035834.316377 1241859.654883 -0.000000 2 1
1035855.451211 1241879.213656 -0.000000 3 1
1035866.722738 1241887.376252 -0.000000 4 1
1035877.994265 1241895.538848 -0.000000 5 1
1035890.110725 1241901.761295 -0.000000 6 1
1035902.227185 1241907.983742 -0.000000 7 1
1035925.596157 1241915.135282 -0.000000 8 1
1035950.192675 1241919.468139 -0.000000 9 1
1036000.789463 1241924.910746 -0.000000 10 1
1036099.351268 1241941.840281 -0.000000 11 1
1036197.905943 1241958.771204 -0.000000 12 1
1036295.906760 1241975.609568 -0.000000 13 1
1036393.907109 1241992.450434 -0.000000 14 1
1036491.906991 1242009.293803 -0.000000 15 1
1036589.906406 1242026.139673 -0.000000 16 1
1036688.110683 1242043.023349 -0.000000 17 1
1036786.592615 1242059.957365 -0.000000 18 1
1036885.074075 1242076.893908 -0.000000 19 1
1036983.551459 1242093.832358 -0.000000 20 1
1037081.643648 1242110.707145 -0.000000 21 1
1037179.634759 1242127.567126 -0.000000 22 1
1037278.138521 1242144.517914 -0.000000 23 1
1037376.670764 1242161.476214 -0.000000 24 1
1037475.202536 1242178.437043 -0.000000 25 1
1037573.731385 1242195.399979 -0.000000 26 1
1037672.246676 1242212.363190 -0.000000 27 1
1037770.761495 1242229.328929 -0.000000 28 1
1037869.275841 1242246.297196 -0.000000 29 1
1037967.789716 1242263.267992 -0.000000 30 1
1038066.303118 1242280.241315 -0.000000 31 1
1038164.931634 1242296.598215 -0.000000 32 1
1038263.350960 1242314.099879 -0.000000 33 1
1038358.372430 1242350.011730 -0.000000 34 1
1038453.418550 1242385.791578 -0.000000 35 1
1038548.489361 1242421.439213 -0.000000 36 1
1038643.584901 1242456.954424 -0.000000 37 1
1038738.705210 1242492.336999 -0.000000 38 1
1038833.850328 1242527.586726 -0.000000 39 1
1038929.020294 1242562.703394 -0.000000 40 1
1039024.215148 1242597.686788 -0.000000 41 1
1039119.434930 1242632.536696 -0.000000 42 1
1039214.679680 1242667.252903 -0.000000 43 1
1039309.949438 1242701.835195 -0.000000 44 1
1039405.093167 1242736.228859 -0.000000 45 1
1039500.209118 1242770.469640 -0.000000 46 1
1039595.350091 1242804.576437 -0.000000 47 1
1039690.516124 1242838.549035 -0.000000 48 1
1039785.707259 1242872.387218 -0.000000 49 1
1039880.923535 1242906.090770 -0.000000 50 1
1039971.434385 1242965.610006 -0.000000 51 1
1040060.245929 1243034.618714 -0.000000 52 1
1040133.805193 1243085.406397 -0.000000 53 1
1040211.834107 1243131.554790 -0.000000 54 1
1040293.531262 1243172.068657 -0.000000 55 1
1040378.095246 1243205.952764 -0.000000 56 1
1040464.724649 1243232.211876 -0.000000 57 1
1040552.618058 1243249.850756 -0.000000 58 1
1040596.788325 1243255.126598 -0.000000 59 1
1040640.974064 1243257.874170 -0.000000 60 1
1040685.075100 1243257.969066 -0.000000 61 1
1040728.991256 1243255.286883 -0.000000 62 1
1040833.095271 1243240.779508 -0.000000 63 1
1040937.679782 1243225.461522 -0.000000 64 1
1041043.976922 1243200.972578 -0.000000 65 1
1041073.708077 1243190.021608 -0.000000 66 1
1041102.549374 1243176.820182 -0.000000 67 1
1041156.537871 1243142.941572 -0.000000 68 1
1041213.587428 1243093.630617 -0.000000 69 1
1041273.979969 1243053.359840 -0.000000 70 1
1041285.679333 1243049.511548 -0.000000 71 1
1041297.378697 1243045.663257 -0.000000 72 1
1041322.042489 1243040.675655 -0.000000 73 1
1041372.912827 1243034.170337 -0.000000 74 1
1041397.546475 1243029.906134 -0.000000 75 1
1041422.180122 1243025.641931 -0.000000 76 1
1041471.447416 1243017.113526 -0.000000 77 1
1036057.136462 1240533.742116 9235.097845 1 2
1036084.411589 1240490.269298 9509.473503 2 2
1036113.322239 1240451.477133 9866.653780 3 2
1036128.901986 1240435.298999 10000.731342 4 2
1036145.503934 1240422.046273 10144.409343 5 2
1036163.332524 1240412.304037 10279.023686 6 2
1036182.592196 1240406.657371 10413.814282 7 2
1036206.007673 1240405.473510 10422.506663 8 2
1036230.830135 1240408.316256 10431.199777 9 2
1036282.084064 1240418.606515 10448.588204 10 2
1036381.575932 1240430.555658 10473.481992 11 2
1036481.061079 1240442.503995 10508.229092 12 2
1036579.987612 1240454.385241 10542.792708 13 2
1036678.914145 1240466.266487 10577.367918 14 2
1036777.840678 1240478.147733 10519.814560 15 2
1036876.767211 1240490.028979 10554.324527 16 2
1036975.901017 1240501.935119 10588.918412 17 2
1037075.315582 1240513.874978 10623.621948 18 2
1037174.730148 1240525.814838 10658.337183 19 2
1037274.141074 1240537.754260 10682.937647 20 2
1037373.163628 1240549.647039 10717.491621 21 2
1037472.084617 1240561.527619 10752.021736 22 2
1037571.523596 1240573.470411 10786.744338 23 2
1037670.991805 1240585.416713 10811.182412 24 2
1037770.460013 1240597.363015 10845.890754 25 2
1037869.925749 1240609.309020 10880.609938 26 2
1037969.378274 1240621.253439 10910.540232 27 2
1038068.830798 1240633.197857 10992.647167 28 2
1038168.283323 1240645.142276 11016.137830 29 2
1038267.735847 1240657.086694 11067.502615 30 2
1038367.188372 1240669.031113 11117.420422 31 2
1038465.493104 1240687.121843 11128.447847 32 2
1038561.309856 1240718.560026 11054.429767 33 2
1038657.980507 1240745.640675 10986.746881 34 2
1038754.651159 1240772.721325 10906.041552 35 2
1038851.321810 1240799.801975 10813.549174 36 2
1038947.992461 1240826.882625 10714.051613 37 2
1039044.663112 1240853.963275 10615.826769 38 2
1039141.333764 1240881.043925 10534.935544 39 2
1039238.004415 1240908.124575 10484.415467 40 2
1039334.675066 1240935.205225 10459.747402 41 2
1039431.345717 1240962.285874 10447.143656 42 2
1039528.016368 1240989.366524 10425.174898 43 2
1039624.687020 1241016.447174 10358.536392 44 2
1039721.204433 1241043.484897 10353.917845 45 2
1039817.668318 1241070.507625 10300.656349 46 2
1039914.132204 1241097.530353 10237.183734 47 2
1040010.596090 1241124.553081 10184.061853 48 2
1040107.059976 1241151.575809 10120.859401 49 2
1040203.523862 1241178.598537 9975.505732 50 2
1040300.497476 1241203.510322 9912.604103 51 2
1040397.680181 1241227.692312 9836.481580 52 2
1040483.275532 1241251.379962 9744.484841 53 2
1040568.157876 1241277.744013 9643.105504 54 2
1040652.275672 1241306.656217 9551.427134 55 2
1040735.577377 1241337.988328 9450.608695 56 2
1040818.011448 1241371.612097 9359.248558 57 2
1040899.526343 1241407.399279 9140.075553 58 2
1040939.542866 1241426.787182 9085.833872 59 2
1040979.559389 1241446.175085 9040.454608 60 2
1041019.575912 1241465.562988 8995.096750 61 2
1041059.592436 1241484.950891 8941.157125 62 2
1041151.926529 1241533.470260 8652.519166 63 2
1041244.554301 1241582.179407 8502.002678 64 2
1041337.182073 1241630.888554 8352.107136 65 2
1041360.338668 1241643.067701 8318.742770 66 2
1041383.495264 1241655.246848 8285.390140 67 2
1041429.808455 1241679.605142 8211.067016 68 2
1041478.729598 1241700.909752 8146.686841 69 2
1041521.514283 1241727.838539 8074.847093 70 2
1041535.109396 1241742.705309 7931.475485 71 2
1041546.288918 1241759.783513 7788.321942 72 2
1041563.165694 1241798.947950 7439.401409 73 2
1041587.341759 1241885.925024 6861.351430 74 2
1041601.228428 1241928.508242 6568.150060 75 2
1041617.194590 1241969.128752 6281.437457 76 2
1041652.592738 1242047.098589 5703.478886 77 2
