# Type: scattered data
# Version: 6
# Description: No description
# Format: free
# Field: 1 x
# Field: 2 y
# Field: 3 z feet
# Field: 4 column
# Field: 5 row
# Projection: Local Rectangular
# Units: meters
# End:
# Information from grid:
# Grid_size: 78 x 2
# Grid_space: 1035868.597976,1041834.720340,1246787.197317,1245213.499353
# Scattered data: Not_available
# Z_field: z
# Vertical_faults: Not_available
# History: No history
# Z_units: feet
1035868.597976 1246787.197317 -0.000000 1 1
1035964.539858 1246815.271372 -0.000000 2 1
1036060.481689 1246843.345678 -0.000000 3 1
1036156.423470 1246871.420235 -0.000000 4 1
1036252.365200 1246899.495043 -0.000000 5 1
1036348.306880 1246927.570102 -0.000000 6 1
1036444.255532 1246955.647468 -0.000000 7 1
1036540.269185 1246983.744122 -0.000000 8 1
1036636.282788 1247011.841027 -0.000000 9 1
1036732.296340 1247039.938185 -0.000000 10 1
1036828.309842 1247068.035595 -0.000000 11 1
1036924.323292 1247096.133258 -0.000000 12 1
1037020.336692 1247124.231172 -0.000000 13 1
1037116.350041 1247152.329339 -0.000000 14 1
1037212.363340 1247180.427759 -0.000000 15 1
1037308.347105 1247208.517804 -0.000000 16 1
1037404.305040 1247236.600556 -0.000000 17 1
1037500.262925 1247264.683562 -0.000000 18 1
1037596.220759 1247292.766820 -0.000000 19 1
1037692.178541 1247320.850331 -0.000000 20 1
1037741.382752 1247332.471246 -0.000000 21 1
1037788.136273 1247348.934095 -0.000000 22 1
1037799.949289 1247355.897815 -0.000000 23 1
1037811.762305 1247362.861535 -0.000000 24 1
1037822.826680 1247371.283401 -0.000000 25 1
1037833.891054 1247379.705266 -0.000000 26 1
1037854.932663 1247398.550084 -0.000000 27 1
1037875.974272 1247417.394901 -0.000000 28 1
1037898.002660 1247437.148401 -0.000000 29 1
1037920.031049 1247456.901901 -0.000000 30 1
1037961.328572 1247498.393689 -0.000000 31 1
1038001.230336 1247549.042335 -0.000000 32 1
1038011.227094 1247561.682747 -0.000000 33 1
1038021.223853 1247574.323159 -0.000000 34 1
1038032.034367 1247586.119415 -0.000000 35 1
1038042.844881 1247597.915670 -0.000000 36 1
1038064.052218 1247615.317846 -0.000000 37 1
1038085.259554 1247632.720022 -0.000000 38 1
1038130.936851 1247664.060604 -0.000000 39 1
1038219.482629 1247727.950317 -0.000000 40 1
1038308.272242 1247790.628282 -0.000000 41 1
1038396.032720 1247851.268031 -0.000000 42 1
1038484.351310 1247911.027773 -0.000000 43 1
1038577.362397 1247950.334391 -0.000000 44 1
1038670.489368 1247989.065118 -0.000000 45 1
1038747.998292 1248021.272283 -0.000000 46 1
1038816.265739 1248049.618254 -0.000000 47 1
1038886.166076 1248078.621831 -0.000000 48 1
1038956.060745 1248107.602487 -0.000000 49 1
1039049.674659 1248146.385832 -0.000000 50 1
1039143.295373 1248185.135388 -0.000000 51 1
1039236.922856 1248223.851304 -0.000000 52 1
1039330.922992 1248262.684821 -0.000000 53 1
1039425.100100 1248301.554948 -0.000000 54 1
1039519.283966 1248340.391492 -0.000000 55 1
1039587.641650 1248368.555973 -0.000000 56 1
1039613.134126 1248379.054419 -0.000000 57 1
1039613.474559 1248379.194600 -0.000000 58 1
1039680.737318 1248406.882346 -0.000000 59 1
1039681.387143 1248407.149748 -0.000000 60 1
1039773.715006 1248445.125118 -0.000000 61 1
1039866.906071 1248483.420682 -0.000000 62 1
1039961.101916 1248522.093729 -0.000000 63 1
1040054.492501 1248560.401174 -0.000000 64 1
1040148.020432 1248598.730195 -0.000000 65 1
1040241.797422 1248637.126512 -0.000000 66 1
1040334.822864 1248675.180870 -0.000000 67 1
1040380.634354 1248689.067069 -0.000000 68 1
1040427.546889 1248697.673177 -0.000000 69 1
1040452.290425 1248698.959998 -0.000000 70 1
1040477.033961 1248700.246818 -0.000000 71 1
1040526.774321 1248700.022083 -0.000000 72 1
1040626.122197 1248702.373839 -0.000000 73 1
1040725.353024 1248704.722825 -0.000000 74 1
1040826.581671 1248707.119104 -0.000000 75 1
1040927.810319 1248709.515382 -0.000000 76 1
1041029.038967 1248711.911660 -0.000000 77 1
1041130.267614 1248714.307939 -0.000000 78 1
1036211.640085 1245082.434572 7213.757426 1 2
1036307.790356 1245109.473029 7217.501099 2 2
1036403.940627 1245136.511487 7205.378184 3 2
1036500.090897 1245163.549944 7209.091592 4 2
1036596.241168 1245190.588402 7195.712631 5 2
1036692.391439 1245217.626859 7199.395812 6 2
1036788.548747 1245244.667296 7184.443520 7 2
1036884.771250 1245271.726066 7188.099404 8 2
1036980.993752 1245298.784836 7171.067507 9 2
1037077.216255 1245325.843606 7174.701381 10 2
1037173.438757 1245352.902376 7157.975704 11 2
1037269.661260 1245379.961146 7141.589044 12 2
1037365.883762 1245407.019916 7145.179922 13 2
1037462.106265 1245434.078685 7129.118394 14 2
1037558.328768 1245461.137455 7132.688484 15 2
1037654.521724 1245488.187917 7116.954617 16 2
1037750.688845 1245515.231113 7120.502292 17 2
1037846.855966 1245542.274309 6911.640614 18 2
1037943.023087 1245569.317505 6915.121949 19 2
1038039.190207 1245596.360701 6837.813285 20 2
1038088.804594 1245615.100797 6835.894526 21 2
1038135.357328 1245623.403897 6836.325663 22 2
1038156.696406 1245618.245744 6878.658006 23 2
1038176.095056 1245606.591476 6922.612183 24 2
1038193.858326 1245589.599670 6968.030736 25 2
1038210.291262 1245568.428907 7086.264711 26 2
1038240.386322 1245518.184825 7216.048890 27 2
1038268.820610 1245465.127867 7362.760986 28 2
1038308.489188 1245399.486871 7551.221732 29 2
1038347.935267 1245340.738144 7725.377006 30 2
1038419.332758 1245222.321888 8074.441590 31 2
1038480.979894 1245081.979331 8464.997947 32 2
1038498.850250 1245049.054297 8565.878919 33 2
1038519.288955 1245019.188012 8664.697560 34 2
1038543.088471 1244993.477733 8763.773518 35 2
1038571.041257 1244973.020712 8860.279909 36 2
1038595.692656 1244961.330040 8901.097562 37 2
1038622.434775 1244952.650110 8941.202592 38 2
1038678.825261 1244941.305221 9021.097461 39 2
1038782.953044 1244927.759479 9123.078918 40 2
1038887.080827 1244914.213738 9229.022376 41 2
1038989.730645 1244900.860262 9332.962582 42 2
1039092.771738 1244887.455885 9435.066837 43 2
1039195.135343 1244880.284755 9465.017603 44 2
1039297.464927 1244873.282696 9503.569582 45 2
1039382.627378 1244867.455323 9515.340588 46 2
1039457.631509 1244862.323050 9525.626162 47 2
1039534.425501 1244857.068302 9536.103635 48 2
1039611.209071 1244851.814268 9546.496073 49 2
1039714.043133 1244844.777688 9556.696887 50 2
1039816.877194 1244837.741109 9567.055026 51 2
1039919.711256 1244830.704529 9577.414521 52 2
1040022.947169 1244823.640453 9617.458757 53 2
1040126.369994 1244816.563586 9627.932563 54 2
1040229.792818 1244809.486720 9638.407747 55 2
1040304.851416 1244804.350719 9646.010923 56 2
1040332.841855 1244802.435430 9648.846443 57 2
1040333.215643 1244802.409853 9648.884310 58 2
1040407.066757 1244797.356477 9656.366151 59 2
1040407.780214 1244797.307657 9656.438435 60 2
1040509.145414 1244790.371587 9666.708877 61 2
1040611.451198 1244783.371156 9677.075964 62 2
1040714.852811 1244776.295740 9687.555468 63 2
1040817.363324 1244769.281300 9724.840539 64 2
1040920.017504 1244762.257029 9735.259190 65 2
1041022.937951 1244755.214539 9745.706232 66 2
1041125.026585 1244748.228966 9756.070192 67 2
1041172.847472 1244754.140036 9728.298142 68 2
1041217.985512 1244769.553920 9700.535762 69 2
1041241.121167 1244782.751334 9635.673937 70 2
1041262.940002 1244798.337186 9597.696358 71 2
1041305.071335 1244832.241078 9492.630003 72 2
1041392.262865 1244895.004327 9313.253494 73 2
1041479.351669 1244957.693630 9135.912157 74 2
1041568.193836 1245021.645060 8957.459166 75 2
1041657.036004 1245085.596491 8755.181953 76 2
1041745.878172 1245149.547922 8581.442529 77 2
1041834.720340 1245213.499353 8393.483068 78 2
