# Type: scattered data
# Version: 6
# Description: No description
# Format: free
# Field: 1 x
# Field: 2 y
# Field: 3 z feet
# Field: 4 column
# Field: 5 row
# Projection: Local Rectangular
# Units: meters
# End:
# Information from grid:
# Grid_size: 106 x 2
# Grid_space: 1035260.108294,1045130.430698,1238196.116243,1239962.829622
# Scattered data: Not_available
# Z_field: z
# Vertical_faults: Not_available
# History: No history
# Z_units: feet
1035260.108294 1238196.116243 -0.000000 1 1
1035308.698201 1238309.364458 -0.000000 2 1
1035368.150924 1238404.361992 -0.000000 3 1
1035433.529985 1238489.402649 -0.000000 4 1
1035445.710140 1238523.161095 -0.000000 5 1
1035452.694079 1238559.354993 -0.000000 6 1
1035463.388532 1238633.153235 -0.000000 7 1
1035499.607378 1238764.873031 -0.000000 8 1
1035510.280333 1238837.079576 -0.000000 9 1
1035536.005126 1238896.292251 -0.000000 10 1
1035554.156338 1238910.381803 -0.000000 11 1
1035576.045387 1238921.606722 -0.000000 12 1
1035622.656143 1238943.280657 -0.000000 13 1
1035703.317714 1239000.331966 -0.000000 14 1
1035802.432197 1239026.380429 -0.000000 15 1
1035911.408905 1239034.684110 -0.000000 16 1
1036018.990897 1239044.446949 -0.000000 17 1
1036122.421594 1239061.184401 -0.000000 18 1
1036207.364544 1239112.970204 -0.000000 19 1
1036289.867250 1239169.763635 -0.000000 20 1
1036372.296255 1239226.536627 -0.000000 21 1
1036454.651668 1239283.290387 -0.000000 22 1
1036537.157299 1239340.180486 -0.000000 23 1
1036619.648499 1239397.094832 -0.000000 24 1
1036701.344849 1239453.495890 -0.000000 25 1
1036782.221235 1239509.366739 -0.000000 26 1
1036863.081930 1239565.263949 -0.000000 27 1
1036943.898591 1239621.169485 -0.000000 28 1
1037024.612019 1239677.043976 -0.000000 29 1
1037105.307696 1239732.948292 -0.000000 30 1
1037186.225446 1239789.050640 -0.000000 31 1
1037268.439405 1239846.121558 -0.000000 32 1
1037350.081082 1239904.153970 -0.000000 33 1
1037431.582692 1239962.421708 -0.000000 34 1
1037512.940374 1240020.931263 -0.000000 35 1
1037594.167348 1240079.701871 -0.000000 36 1
1037675.255453 1240138.737827 -0.000000 37 1
1037755.619909 1240197.619892 -0.000000 38 1
1037834.491491 1240255.781557 -0.000000 39 1
1037913.031910 1240314.079277 -0.000000 40 1
1037991.462938 1240372.687627 -0.000000 41 1
1038069.955723 1240431.747954 -0.000000 42 1
1038152.835266 1240483.438064 -0.000000 43 1
1038248.561221 1240513.544841 -0.000000 44 1
1038344.237765 1240543.734634 -0.000000 45 1
1038439.865748 1240574.006014 -0.000000 46 1
1038534.554425 1240604.074028 -0.000000 47 1
1038625.974068 1240633.191341 -0.000000 48 1
1038717.351437 1240662.379677 -0.000000 49 1
1038808.687216 1240691.637891 -0.000000 50 1
1038900.056108 1240720.988681 -0.000000 51 1
1038991.447115 1240750.427385 -0.000000 52 1
1039082.798370 1240779.932875 -0.000000 53 1
1039174.110502 1240809.504095 -0.000000 54 1
1039267.653731 1240839.877911 -0.000000 55 1
1039363.463029 1240871.070283 -0.000000 56 1
1039459.231221 1240902.331715 -0.000000 57 1
1039554.958977 1240933.661087 -0.000000 58 1
1039651.640971 1240965.383865 -0.000000 59 1
1039748.815033 1240997.349001 -0.000000 60 1
1039845.919482 1241029.371045 -0.000000 61 1
1039942.876186 1241061.422776 -0.000000 62 1
1040039.794525 1241093.538963 -0.000000 63 1
1040136.659731 1241125.713464 -0.000000 64 1
1040233.483037 1241157.948781 -0.000000 65 1
1040330.269790 1241190.245511 -0.000000 66 1
1040427.020564 1241222.602689 -0.000000 67 1
1040523.735920 1241255.019373 -0.000000 68 1
1040620.416409 1241287.494637 -0.000000 69 1
1040717.062570 1241320.027577 -0.000000 70 1
1040813.674929 1241352.617307 -0.000000 71 1
1040910.254004 1241385.262957 -0.000000 72 1
1041006.800302 1241417.963677 -0.000000 73 1
1041103.314318 1241450.718634 -0.000000 74 1
1041199.796539 1241483.527010 -0.000000 75 1
1041296.443565 1241516.454889 -0.000000 76 1
1041393.163508 1241549.470309 -0.000000 77 1
1041489.852870 1241582.537109 -0.000000 78 1
1041586.512104 1241615.654526 -0.000000 79 1
1041639.767155 1241640.186591 -0.000000 80 1
1041689.955664 1241669.566495 -0.000000 81 1
1041737.301251 1241703.368619 -0.000000 82 1
1041782.027539 1241741.167345 -0.000000 83 1
1041864.516708 1241827.052131 -0.000000 84 1
1041939.212150 1241923.815907 -0.000000 85 1
1042007.902845 1242028.053724 -0.000000 86 1
1042072.377771 1242136.360637 -0.000000 87 1
1042134.107003 1242243.961299 -0.000000 88 1
1042195.836235 1242351.561962 -0.000000 89 1
1042253.152648 1242450.779485 -0.000000 90 1
1042301.404725 1242565.226053 -0.000000 91 1
1042334.305942 1242705.463693 -0.000000 92 1
1042349.112178 1242771.714999 -0.000000 93 1
1042375.457592 1242831.839729 -0.000000 94 1
1042445.423892 1242909.804103 -0.000000 95 1
1042510.455166 1242996.059843 -0.000000 96 1
1042590.913096 1243056.397168 -0.000000 97 1
1042687.320661 1243089.937415 -0.000000 98 1
1042789.789675 1243113.293786 -0.000000 99 1
1042901.471078 1243121.172368 -0.000000 100 1
1042964.441123 1243110.528195 -0.000000 101 1
1043024.620907 1243109.782781 -0.000000 102 1
1043047.266218 1243117.748286 -0.000000 103 1
1043069.099164 1243129.820774 -0.000000 104 1
1043111.804989 1243158.819457 -0.000000 105 1
1043198.989071 1243207.856133 -0.000000 106 1
1036790.620240 1235624.694062 10559.063852 1 2
1036890.418760 1235651.906383 10672.355473 2 2
1036990.576663 1235678.514904 10787.740409 3 2
1037090.862474 1235704.908523 10903.473810 4 2
1037115.884121 1235711.348533 10926.317672 5 2
1037140.905768 1235717.788542 10949.166351 6 2
1037190.949063 1235730.668561 10994.878161 7 2
1037290.478424 1235756.019984 11083.937297 8 2
1037340.426444 1235768.387667 11126.723577 9 2
1037390.374463 1235780.755351 11169.526725 10 2
1037415.229640 1235787.138844 11198.737272 11 2
1037440.084816 1235793.522338 11227.955674 12 2
1037489.795170 1235806.289325 11286.416054 13 2
1037588.955668 1235832.260478 11397.091172 14 2
1037687.929353 1235858.545497 11524.714397 15 2
1037786.086825 1235885.026640 11665.094906 16 2
1037883.726074 1235911.494338 11809.100567 17 2
1037981.365324 1235937.962037 11953.296289 18 2
1038060.536970 1235999.444240 11969.743810 19 2
1038136.969164 1236066.436775 11917.998412 20 2
1038213.344929 1236133.379851 11911.115890 21 2
1038289.664810 1236200.273945 11854.954133 22 2
1038366.136737 1236267.301306 11853.352697 23 2
1038442.608664 1236334.328667 11797.360524 24 2
1038518.357476 1236400.722221 11794.189640 25 2
1038593.360048 1236466.461698 11739.328960 26 2
1038668.362620 1236532.201175 11733.148030 27 2
1038743.339511 1236597.918143 11678.513559 28 2
1038818.236418 1236663.565006 11660.646641 29 2
1038893.133326 1236729.211868 11606.149069 30 2
1038968.253631 1236795.054538 11578.007114 31 2
1039044.888040 1236861.499690 11566.925499 32 2
1039136.253855 1236903.194521 11606.617408 33 2
1039227.619669 1236944.889352 11619.963717 34 2
1039318.985483 1236986.584183 11718.669227 35 2
1039410.370700 1237028.287869 11754.314797 36 2
1039501.770909 1237069.998396 11766.698443 37 2
1039592.530012 1237111.416354 11850.742986 38 2
1039681.777926 1237152.144681 11867.717445 39 2
1039770.829098 1237192.783224 11890.377164 40 2
1039859.939639 1237233.448860 11913.056711 41 2
1039949.310301 1237274.233203 11935.807205 42 2
1040038.989677 1237314.498873 11965.057353 43 2
1040129.545464 1237353.292079 12012.760858 44 2
1040220.101251 1237392.085286 12060.485246 45 2
1040310.657038 1237430.878492 12108.230526 46 2
1040400.367910 1237469.309746 12155.550937 47 2
1040487.023038 1237506.431949 12201.278998 48 2
1040573.678166 1237543.554151 12247.026215 49 2
1040660.333294 1237580.676354 12292.792597 50 2
1040747.058715 1237617.828669 12338.615297 51 2
1040833.843451 1237655.006395 12384.488569 52 2
1040920.628187 1237692.184120 12430.381087 53 2
1041007.412923 1237729.361846 12476.292858 54 2
1041096.356105 1237767.464228 12523.366498 55 2
1041187.493168 1237806.506448 12571.622257 56 2
1041278.630232 1237845.548667 12619.899277 57 2
1041369.767296 1237884.590887 12668.197566 58 2
1041461.851304 1237924.038769 12717.019303 59 2
1041554.442349 1237963.703860 12766.131777 60 2
1041647.004913 1238003.356750 12815.251117 61 2
1041739.463831 1238042.965239 12864.337399 62 2
1041831.922748 1238082.573728 12913.445620 63 2
1041924.366983 1238122.175927 12962.567989 64 2
1042016.806675 1238161.776180 13011.709894 65 2
1042109.246367 1238201.376432 13060.873759 66 2
1042201.686059 1238240.976685 13110.059594 67 2
1042294.125751 1238280.576938 13159.267410 68 2
1042386.565443 1238320.177191 13208.497215 69 2
1042479.005135 1238359.777444 13257.749020 70 2
1042571.444827 1238399.377697 13317.551396 71 2
1042663.884518 1238438.977949 13351.331314 72 2
1042756.324210 1238478.578202 13384.991479 73 2
1042848.763902 1238518.178455 13434.165352 74 2
1042941.203594 1238557.778708 13467.657819 75 2
1043033.831285 1238597.459498 13501.130075 76 2
1043126.558595 1238637.182963 13534.532455 77 2
1043219.285905 1238676.906429 13566.858689 78 2
1043312.013215 1238716.629895 13616.003098 79 2
1043363.582361 1238739.668878 13586.643959 80 2
1043415.151507 1238762.707861 13574.498892 81 2
1043466.720653 1238785.746844 13544.791319 82 2
1043518.289799 1238808.785827 13532.669565 83 2
1043619.653675 1238858.940264 13490.379271 84 2
1043721.017550 1238909.094701 13447.564039 85 2
1043820.003164 1238963.410349 13404.037890 86 2
1043916.844629 1239021.088860 13359.498973 87 2
1044011.122966 1239082.571778 13290.429334 88 2
1044102.419194 1239148.300646 13241.678362 89 2
1044181.897671 1239210.283555 13133.965296 90 2
1044261.293493 1239272.405332 13022.684698 91 2
1044340.529680 1239334.795315 12874.736869 92 2
1044380.112868 1239366.048949 12836.634504 93 2
1044419.696057 1239397.302584 12766.002474 94 2
1044498.754594 1239459.991036 12672.544494 95 2
1044577.813131 1239522.679488 12577.836873 96 2
1044656.684962 1239585.681627 12448.809268 97 2
1044735.428181 1239648.899847 12358.798452 98 2
1044814.221486 1239712.033917 12267.673718 99 2
1044893.036521 1239775.131478 12174.896746 100 2
1044932.467877 1239806.640207 12103.678376 101 2
1044971.899233 1239838.148937 11846.604654 102 2
1044991.715666 1239853.734022 11833.707753 103 2
1045011.532099 1239869.319108 11820.812458 104 2
1045051.164965 1239900.489280 11782.899752 105 2
1045130.430698 1239962.829622 11719.377985 106 2
