# Type: scattered data
# Version: 6
# Description: No description
# Format: free
# Field: 1 x
# Field: 2 y
# Field: 3 z feet
# Field: 4 column
# Field: 5 row
# Projection: Local Rectangular
# Units: meters
# End:
# Information from grid:
# Grid_size: 93 x 2
# Grid_space: 1036350.954487,1045014.397652,1243347.046863,1244432.079547
# Scattered data: Not_available
# Z_field: z
# Vertical_faults: Not_available
# History: No history
# Z_units: feet
1036350.954487 1243347.046863 -0.000000 1 1
1036454.501131 1243352.446098 -0.000000 2 1
1036550.835381 1243379.654280 -0.000000 3 1
1036647.154522 1243406.907718 -0.000000 4 1
1036743.430957 1243434.198590 -0.000000 5 1
1036839.657555 1243461.524835 -0.000000 6 1
1036935.869058 1243488.896299 -0.000000 7 1
1037032.065461 1243516.312989 -0.000000 8 1
1037128.246765 1243543.774912 -0.000000 9 1
1037224.412965 1243571.282074 -0.000000 10 1
1037320.564060 1243598.834483 -0.000000 11 1
1037416.700048 1243626.432145 -0.000000 12 1
1037512.820926 1243654.075067 -0.000000 13 1
1037608.926691 1243681.763257 -0.000000 14 1
1037705.017342 1243709.496720 -0.000000 15 1
1037801.092877 1243737.275465 -0.000000 16 1
1037897.154483 1243765.095932 -0.000000 17 1
1037993.534605 1243791.962309 -0.000000 18 1
1038088.085924 1243818.202176 -0.000000 19 1
1038110.397317 1243834.079496 -0.000000 20 1
1038130.150608 1243854.180979 -0.000000 21 1
1038165.662851 1243901.232020 -0.000000 22 1
1038247.939640 1244011.869781 -0.000000 23 1
1038334.831172 1244117.934200 -0.000000 24 1
1038426.649611 1244217.924153 -0.000000 25 1
1038523.707127 1244310.338520 -0.000000 26 1
1038626.315885 1244393.676176 -0.000000 27 1
1038734.788052 1244466.436001 -0.000000 28 1
1038791.320467 1244498.380125 -0.000000 29 1
1038849.435797 1244527.116871 -0.000000 30 1
1038909.173063 1244552.458598 -0.000000 31 1
1038970.571286 1244574.217665 -0.000000 32 1
1039066.446021 1244602.624536 -0.000000 33 1
1039161.486314 1244633.530909 -0.000000 34 1
1039256.143921 1244665.583587 -0.000000 35 1
1039350.976596 1244697.111867 -0.000000 36 1
1039445.972905 1244728.149989 -0.000000 37 1
1039541.122394 1244758.729278 -0.000000 38 1
1039636.415476 1244788.878442 -0.000000 39 1
1039731.843351 1244818.623846 -0.000000 40 1
1039827.397922 1244847.989742 -0.000000 41 1
1039923.001249 1244876.977248 -0.000000 42 1
1040018.633418 1244905.603908 -0.000000 43 1
1040114.371245 1244933.914081 -0.000000 44 1
1040210.266669 1244961.752183 -0.000000 45 1
1040306.239045 1244989.359783 -0.000000 46 1
1040402.223340 1245016.931680 -0.000000 47 1
1040498.219554 1245044.467875 -0.000000 48 1
1040594.370180 1245072.009157 -0.000000 49 1
1040690.606003 1245099.535567 -0.000000 50 1
1040786.853797 1245127.026119 -0.000000 51 1
1040883.113562 1245154.480812 -0.000000 52 1
1040979.385297 1245181.899649 -0.000000 53 1
1041075.641476 1245209.274807 -0.000000 54 1
1041171.905491 1245236.612961 -0.000000 55 1
1041268.181468 1245263.915285 -0.000000 56 1
1041364.469405 1245291.181780 -0.000000 57 1
1041460.769304 1245318.412448 -0.000000 58 1
1041557.081163 1245345.607289 -0.000000 59 1
1041653.335916 1245372.746846 -0.000000 60 1
1041749.441790 1245399.805384 -0.000000 61 1
1041845.559566 1245426.828270 -0.000000 62 1
1041941.689244 1245453.815505 -0.000000 63 1
1042037.830823 1245480.767090 -0.000000 64 1
1042133.286987 1245507.487969 -0.000000 65 1
1042228.631600 1245534.139281 -0.000000 66 1
1042323.987911 1245560.755552 -0.000000 67 1
1042418.650022 1245587.140174 -0.000000 68 1
1042513.026301 1245613.407572 -0.000000 69 1
1042608.819337 1245640.030958 -0.000000 70 1
1042703.481171 1245672.270887 -0.000000 71 1
1042788.046859 1245734.753011 -0.000000 72 1
1042871.220019 1245801.406342 -0.000000 73 1
1042952.145472 1245874.792497 -0.000000 74 1
1043033.980031 1245945.455498 -0.000000 75 1
1043114.920881 1246018.689679 -0.000000 76 1
1043195.681191 1246092.403271 -0.000000 77 1
1043280.723716 1246153.289830 -0.000000 78 1
1043362.974060 1246222.540140 -0.000000 79 1
1043447.203320 1246285.862769 -0.000000 80 1
1043528.289225 1246358.601065 -0.000000 81 1
1043603.976152 1246447.511568 -0.000000 82 1
1043686.031795 1246517.345090 -0.000000 83 1
1043773.168620 1246571.958341 -0.000000 84 1
1043817.171869 1246603.630847 -0.000000 85 1
1043854.677401 1246643.429947 -0.000000 86 1
1043887.891568 1246698.915802 -0.000000 87 1
1043926.758071 1246743.142700 -0.000000 88 1
1043948.589651 1246752.149651 -0.000000 89 1
1043973.393719 1246756.598232 -0.000000 90 1
1044026.409339 1246760.269943 -0.000000 91 1
1044126.060607 1246777.397187 -0.000000 92 1
1044225.711874 1246794.524431 -0.000000 93 1
1036659.614683 1242422.480044 4353.679968 1 2
1036774.061577 1242395.228455 4695.076987 2 2
1036878.570710 1242397.949433 4835.898617 3 2
1036983.079842 1242400.670410 4976.936689 4 2
1037087.559026 1242403.390607 5118.151022 5 2
1037192.000510 1242406.109823 5259.531266 6 2
1037296.441993 1242408.829039 5401.128668 7 2
1037400.883477 1242411.548255 5542.943562 8 2
1037505.324961 1242414.267471 5684.976283 9 2
1037609.766444 1242416.986686 5827.227164 10 2
1037714.207928 1242419.705902 5969.696541 11 2
1037818.649412 1242422.425118 6112.384750 12 2
1037923.090895 1242425.144334 6255.292127 13 2
1038027.532379 1242427.863550 6430.975257 14 2
1038131.973863 1242430.582766 6618.850331 15 2
1038236.415346 1242433.301982 6801.424719 16 2
1038340.852922 1242436.032904 6970.469375 17 2
1038444.280525 1242441.789118 7104.873419 18 2
1038545.707343 1242447.433980 7216.753703 19 2
1038572.563209 1242445.840715 7252.314175 20 2
1038599.419075 1242444.247449 7287.481896 21 2
1038653.130807 1242441.060918 7361.692778 22 2
1038785.093445 1242427.851935 7584.142369 23 2
1038917.056083 1242414.642952 7803.318921 24 2
1039049.018721 1242401.433969 8027.439320 25 2
1039180.981358 1242388.224986 8250.906719 26 2
1039312.993397 1242378.138357 8494.122486 27 2
1039445.005437 1242368.051728 8719.396174 28 2
1039511.132588 1242365.101559 8936.775928 29 2
1039577.259739 1242362.151390 9050.161238 30 2
1039643.509085 1242361.096674 9163.502814 31 2
1039709.758431 1242360.041958 9280.175974 32 2
1039815.888429 1242357.730012 9467.992480 33 2
1039927.213781 1242339.855801 9631.020449 34 2
1040042.042424 1242311.487761 9944.857986 35 2
1040156.871068 1242283.119720 10091.926108 36 2
1040271.699712 1242254.751680 10252.235243 37 2
1040386.528355 1242226.383639 10400.057606 38 2
1040501.356999 1242198.015599 10561.501142 39 2
1040616.185643 1242169.647558 10723.556726 40 2
1040731.014287 1242141.279518 10872.651282 41 2
1040845.758391 1242112.932362 11035.724116 42 2
1040960.402636 1242084.609877 11185.327527 43 2
1041075.046882 1242056.287391 11468.287823 44 2
1041176.398790 1242067.781034 11490.652109 45 2
1041267.143394 1242111.048004 11277.895124 46 2
1041357.887999 1242154.314975 11184.231697 47 2
1041448.632603 1242197.581945 11090.733217 48 2
1041539.511880 1242240.913128 10997.278326 49 2
1041630.460372 1242284.277312 10903.916183 50 2
1041721.408864 1242327.641496 10810.702180 51 2
1041812.357356 1242371.005680 10732.129022 52 2
1041903.305849 1242414.369865 10483.587683 53 2
1041994.228341 1242457.721652 10391.330502 54 2
1042085.146936 1242501.071581 10299.215392 55 2
1042176.065531 1242544.421511 10207.235081 56 2
1042266.984127 1242587.771440 10115.383524 57 2
1042357.902722 1242631.121369 10023.658065 58 2
1042448.821317 1242674.471299 9946.699031 59 2
1042539.674726 1242717.790147 9752.014676 60 2
1042630.376367 1242761.036633 9661.845384 61 2
1042721.078007 1242804.283118 9571.810135 62 2
1042811.779648 1242847.529604 9481.908623 63 2
1042902.481288 1242890.776089 9392.140477 64 2
1042992.525189 1242933.708965 9303.052877 65 2
1043082.452822 1242976.586404 8877.932317 66 2
1043172.380456 1243019.463843 8804.347023 67 2
1043261.642500 1243062.023931 8690.930763 68 2
1043350.624202 1243104.450350 8580.446532 69 2
1043440.930639 1243147.508403 8472.623273 70 2
1043530.485473 1243195.045941 8348.387330 71 2
1043612.931723 1243263.876673 8124.774211 72 2
1043695.408068 1243332.617254 7904.438050 73 2
1043777.884414 1243401.357835 7709.999821 74 2
1043860.356684 1243470.110626 7531.895905 75 2
1043942.799365 1243538.846193 7390.478174 76 2
1044025.228351 1243607.561398 7242.912873 77 2
1044107.662542 1243676.261010 7151.057992 78 2
1044190.096734 1243744.960623 7026.847821 79 2
1044272.527822 1243813.669531 6909.308729 80 2
1044354.958640 1243882.379247 6728.279021 81 2
1044437.389458 1243951.088964 6560.471874 82 2
1044519.809698 1244019.830367 6402.456553 83 2
1044602.222919 1244088.592794 6241.489683 84 2
1044643.429530 1244122.974007 6171.505232 85 2
1044684.636141 1244157.355221 6092.274119 86 2
1044725.843604 1244191.733880 6013.901775 87 2
1044767.051067 1244226.112540 5944.972863 88 2
1044787.663282 1244243.276457 5904.341423 89 2
1044808.275498 1244260.440374 5872.546248 90 2
1044849.499929 1244294.768209 5800.699631 91 2
1044931.948790 1244363.423878 5666.579757 92 2
1045014.397652 1244432.079547 5792.088044 93 2
