# Type: scattered data
# Version: 6
# Description: No description
# Format: free
# Field: 1 x
# Field: 2 y
# Field: 3 z feet
# Field: 4 column
# Field: 5 row
# Projection: Local Rectangular
# Units: meters
# End:
# Information from grid:
# Grid_size: 77 x 2
# Grid_space: 1036462.770068,1042386.558811,1244336.757635,1244883.133205
# Scattered data: Not_available
# Z_field: z
# Vertical_faults: Not_available
# History: No history
# Z_units: feet
1036462.770068 1244336.757635 -0.000000 1 1
1036486.360119 1244344.366169 -0.000000 2 1
1036509.950170 1244351.974703 -0.000000 3 1
1036521.745196 1244355.778969 -0.000000 4 1
1036533.540222 1244359.583236 -0.000000 5 1
1036545.335247 1244363.387503 -0.000000 6 1
1036557.130273 1244367.191770 -0.000000 7 1
1036580.806983 1244374.478315 -0.000000 8 1
1036604.483693 1244381.764861 -0.000000 9 1
1036651.837113 1244396.337951 -0.000000 10 1
1036746.276157 1244426.479154 -0.000000 11 1
1036840.499457 1244457.421973 -0.000000 12 1
1036934.546396 1244489.020078 -0.000000 13 1
1037028.447321 1244521.160711 -0.000000 14 1
1037122.225993 1244553.755582 -0.000000 15 1
1037215.901286 1244586.734570 -0.000000 16 1
1037309.488376 1244620.041285 -0.000000 17 1
1037402.999608 1244653.629855 -0.000000 18 1
1037496.445126 1244687.462590 -0.000000 19 1
1037589.833343 1244721.508234 -0.000000 20 1
1037683.171294 1244755.740645 -0.000000 21 1
1037776.464908 1244790.137794 -0.000000 22 1
1037871.000521 1244819.920186 -0.000000 23 1
1037918.393100 1244834.347778 -0.000000 24 1
1037965.785679 1244848.775371 -0.000000 25 1
1037988.418010 1244859.460502 -0.000000 26 1
1038011.050340 1244870.145634 -0.000000 27 1
1038056.315001 1244891.515897 -0.000000 28 1
1038145.813590 1244935.797354 -0.000000 29 1
1038233.667717 1244986.068988 -0.000000 30 1
1038321.784155 1245035.365978 -0.000000 31 1
1038411.239307 1245084.440415 -0.000000 32 1
1038501.418840 1245133.069647 -0.000000 33 1
1038591.881632 1245181.123218 -0.000000 34 1
1038682.504136 1245228.630073 -0.000000 35 1
1038773.256549 1245275.654242 -0.000000 36 1
1038864.123101 1245322.254318 -0.000000 37 1
1038955.090475 1245368.479782 -0.000000 38 1
1039046.147347 1245414.372705 -0.000000 39 1
1039137.333457 1245459.993727 -0.000000 40 1
1039228.610345 1245505.358446 -0.000000 41 1
1039251.485894 1245516.490334 -0.000000 42 1
1039274.361444 1245527.622222 -0.000000 43 1
1039320.112544 1245549.885999 -0.000000 44 1
1039343.056312 1245560.764417 -0.000000 45 1
1039366.000080 1245571.642835 -0.000000 46 1
1039411.887615 1245593.399670 -0.000000 47 1
1039503.602292 1245637.137746 -0.000000 48 1
1039594.845175 1245680.919294 -0.000000 49 1
1039685.874582 1245724.884219 -0.000000 50 1
1039776.831137 1245769.119833 -0.000000 51 1
1039867.743761 1245813.662399 -0.000000 52 1
1039958.922935 1245858.690516 -0.000000 53 1
1040050.011139 1245904.056644 -0.000000 54 1
1040141.001292 1245949.787086 -0.000000 55 1
1040231.885561 1245995.910949 -0.000000 56 1
1040322.655256 1246042.460524 -0.000000 57 1
1040413.300707 1246089.471736 -0.000000 58 1
1040503.674412 1246136.912444 -0.000000 59 1
1040593.823404 1246184.856206 -0.000000 60 1
1040683.812551 1246233.393885 -0.000000 61 1
1040773.626695 1246282.581804 -0.000000 62 1
1040817.488092 1246310.446232 -0.000000 63 1
1040863.248697 1246332.483643 -0.000000 64 1
1040887.292275 1246338.405865 -0.000000 65 1
1040912.224692 1246341.563698 -0.000000 66 1
1040963.171736 1246344.111071 -0.000000 67 1
1041064.249947 1246351.446352 -0.000000 68 1
1041165.698896 1246357.404121 -0.000000 69 1
1041266.290303 1246366.548166 -0.000000 70 1
1041361.872636 1246394.303869 -0.000000 71 1
1041456.513590 1246426.306372 -0.000000 72 1
1041549.231587 1246465.669214 -0.000000 73 1
1041644.977310 1246493.754167 -0.000000 74 1
1041743.256211 1246510.449744 -0.000000 75 1
1041840.252087 1246531.518585 -0.000000 76 1
1041936.105674 1246556.831704 -0.000000 77 1
1036625.157211 1243733.393832 1966.998769 1 2
1036655.370169 1243693.779322 2152.497362 2 2
1036686.792783 1243658.716252 2335.868634 3 2
1036703.335727 1243644.313832 2427.782726 4 2
1036720.634705 1243632.756062 2519.798169 5 2
1036738.840924 1243624.611871 2612.406603 6 2
1036758.105590 1243620.450190 2705.081640 7 2
1036781.406089 1243620.833975 2733.249761 8 2
1036805.778099 1243625.249422 2761.427313 9 2
1036855.747491 1243638.690896 2816.307290 10 2
1036953.389392 1243656.931601 2928.631313 11 2
1037051.031292 1243675.172307 3041.105829 12 2
1037148.673193 1243693.413012 3148.479575 13 2
1037246.315093 1243711.653718 3260.646999 14 2
1037343.956994 1243729.894423 3366.816000 15 2
1037441.598895 1243748.135129 3478.641811 16 2
1037539.240795 1243766.375834 3590.617447 17 2
1037636.882696 1243784.616540 3698.847658 18 2
1037734.524596 1243802.857246 3810.477600 19 2
1037832.166497 1243821.097951 3922.257106 20 2
1037929.808398 1243839.338657 4037.102707 21 2
1038027.450298 1243857.579362 4145.378255 22 2
1038125.643601 1243873.771286 4290.651077 23 2
1038175.397427 1243885.438398 4423.504788 24 2
1038224.043975 1243889.193814 4552.254192 25 2
1038254.879983 1243881.783883 4661.760740 26 2
1038284.646977 1243867.624744 4770.930915 27 2
1038342.044901 1243829.861163 4994.942392 28 2
1038464.027136 1243753.446761 5483.165920 29 2
1038585.254601 1243679.716801 5882.066597 30 2
1038706.482066 1243605.986840 6159.085744 31 2
1038829.238645 1243531.326879 6311.901708 32 2
1038952.718110 1243456.227263 6477.687372 33 2
1039076.351021 1243381.034322 6728.394517 34 2
1039199.998964 1243305.832238 7011.699428 35 2
1039323.646907 1243230.630154 7342.982065 36 2
1039447.294850 1243155.428071 7702.758939 37 2
1039570.942792 1243080.225987 8060.888319 38 2
1039694.590735 1243005.023904 8455.500823 39 2
1039818.305709 1242929.781052 8822.765262 40 2
1039942.046746 1242854.522349 9489.720014 41 2
1039969.637868 1242841.637766 9527.579494 42 2
1039997.951420 1242831.664199 9565.454640 43 2
1040052.363300 1242829.143502 9641.251958 44 2
1040075.497447 1242839.377122 9597.081827 45 2
1040097.041384 1242855.458901 9552.932985 46 2
1040138.310845 1242894.309864 9450.272779 47 2
1040224.258391 1242959.476225 8951.463831 48 2
1040309.823818 1243024.352861 8736.593011 49 2
1040395.252939 1243089.126147 8487.017595 50 2
1040480.682059 1243153.899433 8282.539194 51 2
1040566.143305 1243218.697077 8083.957266 52 2
1040651.934459 1243283.744861 7877.066755 53 2
1040737.725613 1243348.792645 7702.547212 54 2
1040823.516767 1243413.840429 7537.792653 55 2
1040909.307921 1243478.888213 7400.530176 56 2
1040995.099075 1243543.935996 7260.548553 57 2
1041080.890229 1243608.983780 7127.478108 58 2
1041166.551693 1243673.933232 7000.678987 59 2
1041252.138974 1243738.826437 6921.363158 60 2
1041337.726254 1243803.719642 6803.093547 61 2
1041423.313535 1243868.612847 6632.211892 62 2
1041466.980849 1243900.081344 6542.056273 63 2
1041508.900815 1243933.506051 6452.504676 64 2
1041529.529005 1243954.078308 6402.650339 65 2
1041550.157194 1243974.650565 6352.826253 66 2
1041589.128669 1244018.312682 6243.704470 67 2
1041668.898964 1244104.819410 6024.590796 68 2
1041748.669259 1244191.326138 5809.182402 69 2
1041828.446533 1244277.806939 5596.237796 70 2
1041908.248079 1244364.197551 5389.044069 71 2
1041988.205732 1244450.757159 5442.422595 72 2
1042068.208281 1244537.365371 5232.110667 73 2
1042148.157986 1244624.141831 5033.984011 74 2
1042227.666337 1244710.581048 4836.668789 75 2
1042307.092666 1244796.931094 4626.058921 76 2
1042386.558811 1244883.133205 4434.599889 77 2
