# Type: scattered data
# Version: 6
# Description: No description
# Format: free
# Field: 1 x
# Field: 2 y
# Field: 3 z feet
# Field: 4 column
# Field: 5 row
# Projection: Local Rectangular
# Units: meters
# End:
# Information from grid:
# Grid_size: 34 x 11
# Grid_space: 1037645.598025,1044922.167389,1243832.492079,1243994.294773
# Scattered data: Not_available
# Z_field: z
# Vertical_faults: Not_available
# History: No history
# Z_units: feet
1037645.598025 1243832.492079 -0.000000 1 1
1037902.652476 1243995.663153 -0.000000 2 1
1038161.899005 1244154.340737 -0.000000 3 1
1038293.029322 1244230.590255 -0.000000 4 1
1038425.529688 1244304.031342 -0.000000 5 1
1038559.674112 1244374.102312 -0.000000 6 1
1038695.736604 1244440.241479 -0.000000 7 1
1038807.895284 1244490.815625 -0.000000 8 1
1038921.344610 1244538.683315 -0.000000 9 1
1039151.483457 1244627.351173 -0.000000 10 1
1039384.889661 1244708.348735 -0.000000 11 1
1039502.594697 1244746.064210 -0.000000 12 1
1039620.299733 1244783.779686 -0.000000 13 1
1039739.100234 1244819.336547 -0.000000 14 1
1039857.900735 1244854.893408 -0.000000 15 1
1040095.501737 1244926.007130 -0.000000 16 1
1040570.537243 1245065.182476 -0.000000 17 1
1041044.636965 1245207.106411 -0.000000 18 1
1041524.490905 1245336.405028 -0.000000 19 1
1041761.344780 1245391.096138 -0.000000 20 1
1041998.198655 1245445.787248 -0.000000 21 1
1042114.935953 1245476.770254 -0.000000 22 1
1042229.962637 1245511.483232 -0.000000 23 1
1042342.761327 1245551.063677 -0.000000 24 1
1042452.814646 1245596.649087 -0.000000 25 1
1042566.158732 1245652.411000 -0.000000 26 1
1042676.345850 1245715.038795 -0.000000 27 1
1042783.889858 1245783.362592 -0.000000 28 1
1042889.304608 1245856.212509 -0.000000 29 1
1043095.801761 1246010.811179 -0.000000 30 1
1043299.948151 1246169.475757 -0.000000 31 1
1043507.947967 1246326.741776 -0.000000 32 1
1043717.304649 1246479.927244 -0.000000 33 1
1044138.279460 1246779.497263 -0.000000 34 1
1037753.837233 1243689.868675 812.500000 1 2
1037999.014567 1243836.701009 812.500000 2 2
1038245.900377 1243979.977950 812.500000 3 2
1038371.051756 1244048.061029 812.500000 4 2
1038496.203135 1244116.144107 812.500000 5 2
1038623.169769 1244180.449581 812.500000 6 2
1038751.631319 1244241.644087 812.500000 7 2
1038864.647107 1244290.561591 812.500000 8 2
1038977.662896 1244339.479096 812.500000 9 2
1039207.824583 1244428.131058 812.500000 10 2
1039441.133914 1244509.056365 812.500000 11 2
1039558.871169 1244546.383887 812.500000 12 2
1039676.608424 1244583.711409 812.500000 13 2
1039795.544907 1244618.827583 812.500000 14 2
1039914.481391 1244653.943757 812.500000 15 2
1040153.015307 1244721.182365 812.500000 16 2
1040629.933360 1244854.144386 812.500000 17 2
1041105.681455 1244991.345878 812.500000 18 2
1041586.502609 1245116.073591 812.500000 19 2
1041823.783435 1245167.484175 812.500000 20 2
1042061.064260 1245218.894759 812.500000 21 2
1042178.356370 1245247.646709 812.500000 22 2
1042294.201837 1245279.823700 812.500000 23 2
1042408.147000 1245316.528918 812.500000 24 2
1042519.738197 1245358.865554 812.500000 25 2
1042633.489570 1245409.923541 812.500000 26 2
1042744.615378 1245467.248438 812.500000 27 2
1042853.555303 1245529.754595 812.500000 28 2
1042960.749029 1245596.356368 812.500000 29 2
1043171.656608 1245737.504167 812.500000 30 2
1043380.855574 1245882.006658 812.500000 31 2
1043593.096772 1246024.089987 812.500000 32 2
1043806.719060 1246162.103383 812.500000 33 2
1044236.265451 1246431.346952 812.500000 34 2
1037864.625606 1243546.861990 1625.000000 1 3
1038097.166678 1243677.617718 1625.000000 2 3
1038330.981364 1243805.689625 1625.000000 3 3
1038449.162321 1243867.041757 1625.000000 4 3
1038567.343278 1243928.393890 1625.000000 5 3
1038687.434656 1243985.720292 1625.000000 6 3
1038807.526033 1244043.046694 1625.000000 7 3
1038920.781927 1244091.587309 1625.000000 8 3
1039034.037820 1244140.127923 1625.000000 9 3
1039264.229368 1244228.758382 1625.000000 10 3
1039497.417019 1244309.682106 1625.000000 11 3
1039615.167067 1244346.662619 1625.000000 12 3
1039732.917115 1244383.643132 1625.000000 13 3
1039852.074270 1244417.810978 1625.000000 14 3
1039971.231424 1244451.978825 1625.000000 15 3
1040210.519254 1244516.414300 1625.000000 16 3
1040689.329476 1244643.106295 1625.000000 17 3
1041166.733193 1244775.523020 1625.000000 18 3
1041648.514314 1244895.742155 1625.000000 19 3
1041886.253112 1244943.969563 1625.000000 20 3
1042123.991910 1244992.196970 1625.000000 21 3
1042241.838157 1245018.729413 1625.000000 22 3
1042358.492695 1245048.348139 1625.000000 23 3
1042473.564300 1245082.112544 1625.000000 24 3
1042586.661748 1245121.082021 1625.000000 25 3
1042700.943862 1245167.480518 1625.000000 26 3
1042813.082863 1245219.537775 1625.000000 27 3
1042923.451101 1245276.250619 1625.000000 28 3
1043032.420922 1245336.615876 1625.000000 29 3
1043247.654706 1245464.290934 1625.000000 30 3
1043461.762997 1245594.537559 1625.000000 31 3
1043678.246998 1245721.522926 1625.000000 32 3
1043896.135094 1245844.376353 1625.000000 33 3
1044334.251442 1246083.196641 1625.000000 34 3
1037980.512310 1243403.088746 2437.500000 1 4
1038199.436920 1243517.247140 2437.500000 2 4
1038418.361529 1243631.405533 2437.500000 3 4
1038528.950397 1243686.098321 2437.500000 4 4
1038639.539264 1243740.791109 2437.500000 5 4
1038751.480006 1243792.620205 2437.500000 6 4
1038863.420748 1243844.449302 2437.500000 7 4
1038976.927254 1243892.566074 2437.500000 8 4
1039090.433761 1243940.682847 2437.500000 9 4
1039320.660810 1244029.287840 2437.500000 10 4
1039553.719093 1244110.254952 2437.500000 11 4
1039671.472450 1244146.914904 2437.500000 12 4
1039789.225807 1244183.574856 2437.500000 13 4
1039908.605275 1244216.811957 2437.500000 14 4
1040027.984743 1244250.049059 2437.500000 15 4
1040268.025062 1244311.687954 2437.500000 16 4
1040748.725593 1244432.068205 2437.500000 17 4
1041227.783106 1244559.643452 2437.500000 18 4
1041710.526018 1244675.410719 2437.500000 19 4
1041948.765486 1244720.547285 2437.500000 20 4
1042187.004955 1244765.683850 2437.500000 21 4
1042305.406117 1244790.007997 2437.500000 22 4
1042422.857383 1244817.047486 2437.500000 23 4
1042539.027522 1244847.808817 2437.500000 24 4
1042653.585299 1244883.298489 2437.500000 25 4
1042768.528338 1244925.076493 2437.500000 26 4
1042881.760970 1244971.897382 2437.500000 27 4
1042993.594484 1245022.838746 2437.500000 28 4
1043104.340170 1245076.978179 2437.500000 29 4
1043323.505295 1245192.023320 2437.500000 30 4
1043542.670420 1245307.068461 2437.500000 31 4
1043763.414498 1245419.034469 2437.500000 32 4
1043985.570869 1245526.739156 2437.500000 33 4
1044432.237433 1245735.046329 2437.500000 34 4
1038041.164151 1243330.794890 2843.750000 1 5
1038252.231709 1243437.518621 2843.750000 2 5
1038463.299268 1243544.242352 2843.750000 3 5
1038569.760191 1243595.644966 2843.750000 4 5
1038676.221114 1243647.047581 2843.750000 5 5
1038783.794610 1243696.099093 2843.750000 6 5
1038891.368105 1243745.150605 2843.750000 7 5
1039004.997881 1243793.048507 2843.750000 8 5
1039118.627656 1243840.946408 2843.750000 9 5
1039348.874110 1243929.537874 2843.750000 10 5
1039581.870573 1244010.533234 2843.750000 11 5
1039699.625362 1244047.036976 2843.750000 12 5
1039817.380152 1244083.540717 2843.750000 13 5
1039936.873125 1244116.316138 2843.750000 14 5
1040056.366098 1244149.091558 2843.750000 15 5
1040296.782481 1244209.334318 2843.750000 16 5
1040778.423651 1244326.549160 2843.750000 17 5
1041258.304490 1244451.684926 2843.750000 18 5
1041741.531870 1244565.245001 2843.750000 19 5
1041980.041309 1244608.868455 2843.750000 20 5
1042218.550748 1244652.491909 2843.750000 21 5
1042336.812520 1244676.975212 2843.750000 22 5
1042455.074293 1244701.458516 2843.750000 23 5
1042571.780787 1244730.696505 2843.750000 24 5
1042687.047075 1244764.406722 2843.750000 25 5
1042802.371197 1244803.887212 2843.750000 26 5
1042916.182459 1244848.100118 2843.750000 27 5
1043028.763791 1244896.162862 2843.750000 28 5
1043140.398127 1244947.192865 2843.750000 29 5
1043361.761129 1245055.263388 2843.750000 30 5
1043583.124132 1245163.333911 2843.750000 31 5
1043806.009446 1245267.816682 2843.750000 32 5
1044030.301555 1245367.950777 2843.750000 33 5
1044481.230429 1245560.971174 2843.750000 34 5
1038104.046512 1243258.165663 3250.000000 1 6
1038306.661429 1243357.608828 3250.000000 2 6
1038509.276346 1243457.051993 3250.000000 3 6
1038611.335255 1243505.197574 3250.000000 4 6
1038713.394164 1243553.343154 3250.000000 5 6
1038816.354813 1243599.597532 3250.000000 6 6
1038919.315463 1243645.851909 3250.000000 7 6
1039033.063555 1243693.533717 3250.000000 8 6
1039146.811647 1243741.215524 3250.000000 9 6
1039377.078332 1243829.793432 3250.000000 10 6
1039610.018341 1243910.814246 3250.000000 11 6
1039727.776419 1243947.160413 3250.000000 12 6
1039845.534498 1243983.506579 3250.000000 13 6
1039965.143572 1244015.820751 3250.000000 14 6
1040084.752646 1244048.134923 3250.000000 15 6
1040325.545169 1244106.982766 3250.000000 16 6
1040808.121710 1244221.030115 3250.000000 17 6
1041288.821923 1244343.715698 3250.000000 18 6
1041772.537722 1244455.079283 3250.000000 19 6
1042011.332101 1244497.209579 3250.000000 20 6
1042250.126480 1244539.339875 3250.000000 21 6
1042368.722143 1244562.623709 3250.000000 22 6
1042487.317806 1244585.907543 3250.000000 23 6
1042604.550781 1244613.608712 3250.000000 24 6
1042720.508850 1244645.514956 3250.000000 25 6
1042836.248591 1244682.705330 3250.000000 26 6
1042950.660442 1244724.316126 3250.000000 27 6
1043064.000331 1244769.504300 3250.000000 28 6
1043176.524186 1244817.426810 3250.000000 29 6
1043400.051015 1244918.513086 3250.000000 30 6
1043623.577843 1245019.599362 3250.000000 31 6
1043848.614163 1245116.614409 3250.000000 32 6
1044075.043405 1245209.180127 3250.000000 33 6
1044530.223425 1245386.896018 3250.000000 34 6
1038169.371823 1243185.169127 3656.250000 1 7
1038362.885228 1243277.498072 3656.250000 2 7
1038556.398634 1243369.827018 3656.250000 3 7
1038653.754927 1243414.752163 3656.250000 4 7
1038751.111219 1243459.677308 3656.250000 5 7
1038849.187020 1243503.115261 3656.250000 6 7
1038947.262820 1243546.553213 3656.250000 7 7
1039061.122189 1243594.026605 3656.250000 8 7
1039174.981558 1243641.499997 3656.250000 9 7
1039405.269136 1243730.064645 3656.250000 10 7
1039638.160062 1243811.103384 3656.250000 11 7
1039755.924453 1243847.287912 3656.250000 12 7
1039873.688843 1243883.472441 3656.250000 13 7
1039993.417225 1243915.324443 3656.250000 14 7
1040113.145606 1243947.176446 3656.250000 15 7
1040354.314473 1244004.630430 3656.250000 16 7
1040837.819768 1244115.511070 3656.250000 17 7
1041319.334354 1244235.737124 3656.250000 18 7
1041803.543574 1244344.913565 3656.250000 19 7
1042042.639195 1244385.569288 3656.250000 20 7
1042281.734816 1244426.225012 3656.250000 21 7
1042400.662636 1244448.308525 3656.250000 22 7
1042519.590456 1244470.392038 3656.250000 23 7
1042637.339138 1244496.543820 3656.250000 24 7
1042753.970626 1244526.623190 3656.250000 25 7
1042870.160991 1244561.529981 3656.250000 26 7
1042985.195852 1244600.543770 3656.250000 27 7
1043098.957889 1244644.110606 3656.250000 28 7
1043212.719927 1244687.677441 3656.250000 29 7
1043438.375741 1244781.771127 3656.250000 30 7
1043664.031555 1244875.864812 3656.250000 31 7
1043891.230183 1244965.425783 3656.250000 32 7
1044119.798172 1245050.425075 3656.250000 33 7
1044579.216420 1245212.820862 3656.250000 34 7
1038236.927654 1243111.837220 4062.500000 1 8
1038420.747873 1243197.205245 4062.500000 2 8
1038604.568093 1243282.573270 4062.500000 3 8
1038697.228614 1243323.743582 4062.500000 4 8
1038789.889135 1243364.913894 4062.500000 5 8
1038882.549656 1243406.084205 4062.500000 6 8
1038975.210178 1243447.254517 4062.500000 7 8
1039089.175906 1243494.523206 4062.500000 8 8
1039203.141635 1243541.791895 4062.500000 9 8
1039433.450902 1243630.343294 4062.500000 10 8
1039666.298059 1243711.396251 4062.500000 11 8
1039784.070624 1243747.417277 4062.500000 12 8
1039901.843189 1243783.438302 4062.500000 13 8
1040021.693553 1243814.828250 4062.500000 14 8
1040141.543918 1243846.218198 4062.500000 15 8
1040383.089377 1243902.279370 4062.500000 16 8
1040867.517826 1244009.992024 4062.500000 17 8
1041349.841401 1244127.749319 4062.500000 18 8
1041834.549426 1244234.747847 4062.500000 19 8
1042073.668075 1244275.427403 4062.500000 20 8
1042313.378117 1244313.144638 4062.500000 21 8
1042432.636338 1244334.027006 4062.500000 22 8
1042551.894558 1244354.909373 4062.500000 23 8
1042670.147367 1244379.500120 4062.500000 24 8
1042787.432401 1244407.731423 4062.500000 25 8
1042904.108785 1244440.360209 4062.500000 26 8
1043019.789462 1244476.781256 4062.500000 27 8
1043134.388062 1244517.361594 4062.500000 28 8
1043248.986662 1244557.941933 4062.500000 29 8
1043476.735964 1244645.036098 4062.500000 30 8
1043704.485267 1244732.130263 4062.500000 31 8
1043933.858833 1244814.248768 4062.500000 32 8
1044164.567374 1244891.683292 4062.500000 33 8
1044628.209416 1245038.745707 4062.500000 34 8
1038377.456294 1242964.358938 4875.000000 1 9
1038540.452021 1243036.187965 4875.000000 2 9
1038703.447747 1243108.016992 4875.000000 3 9
1038785.362034 1243143.177025 4875.000000 4 9
1038867.276320 1243178.337058 4875.000000 5 9
1038949.190606 1243213.497091 4875.000000 6 9
1039031.104892 1243248.657124 4875.000000 7 9
1039145.283522 1243295.494943 4875.000000 8 9
1039259.462151 1243342.332761 4875.000000 9 9
1039489.818164 1243430.855385 4875.000000 10 9
1039722.579287 1243511.957104 4875.000000 11 9
1039839.988753 1243549.016407 4875.000000 12 9
1039958.151880 1243583.370026 4875.000000 13 9
1040078.250354 1243613.844865 4875.000000 14 9
1040198.348827 1243644.319703 4875.000000 15 9
1040440.648256 1243697.598627 4875.000000 16 9
1040926.913943 1243798.953934 4875.000000 17 9
1041410.839030 1243911.744345 4875.000000 18 9
1041896.561131 1244014.416411 4875.000000 19 9
1042136.290791 1244052.673906 4875.000000 20 9
1042376.777949 1244087.075986 4875.000000 21 9
1042496.691676 1244105.553567 4875.000000 22 9
1042616.605402 1244124.031148 4875.000000 23 9
1042735.828865 1244145.468791 4875.000000 24 9
1042854.355952 1244169.947891 4875.000000 25 9
1042972.111569 1244198.033387 4875.000000 26 9
1043089.153329 1244229.278153 4875.000000 27 9
1043205.445012 1244263.889313 4875.000000 28 9
1043321.736695 1244298.500473 4875.000000 29 9
1043553.564692 1244371.580819 4875.000000 30 9
1043785.392690 1244444.661164 4875.000000 31 9
1044019.158212 1244511.920639 4875.000000 32 9
1044254.153869 1244574.229328 4875.000000 33 9
1044726.195407 1244690.595395 4875.000000 34 9
1038523.083265 1242816.114097 5687.500000 1 10
1038664.062351 1242874.600506 5687.500000 2 10
1038805.041436 1242933.086914 5687.500000 3 10
1038875.530979 1242962.330119 5687.500000 4 10
1038946.020522 1242991.573323 5687.500000 5 10
1039016.510064 1243020.816527 5687.500000 6 10
1039086.999607 1243050.059732 5687.500000 7 10
1039201.425652 1243096.354030 5687.500000 8 10
1039315.851697 1243142.648328 5687.500000 9 10
1039546.261267 1243231.133201 5687.500000 10 10
1039778.905249 1243312.391843 5687.500000 11 10
1039896.276684 1243349.335545 5687.500000 12 10
1040014.460572 1243383.301749 5687.500000 13 10
1040134.427834 1243414.293915 5687.500000 14 10
1040255.146637 1243442.490158 5687.500000 15 10
1040498.200885 1243492.992205 5687.500000 16 10
1040986.310059 1243587.915844 5687.500000 17 10
1041471.816202 1243695.693577 5687.500000 18 10
1041958.572835 1243794.084975 5687.500000 19 10
1042199.008608 1243829.978973 5687.500000 20 10
1042440.340139 1243861.110087 5687.500000 21 10
1042560.902413 1243877.179290 5687.500000 22 10
1042681.464686 1243893.248492 5687.500000 23 10
1042801.372095 1243912.706425 5687.500000 24 10
1042921.279503 1243932.164358 5687.500000 25 10
1043040.016708 1243956.977764 5687.500000 26 10
1043158.753913 1243981.791170 5687.500000 27 10
1043276.765878 1244010.434372 5687.500000 28 10
1043394.777843 1244039.077575 5687.500000 29 10
1043630.538978 1244098.134820 5687.500000 30 10
1043866.300113 1244157.192066 5687.500000 31 10
1044104.518162 1244209.611074 5687.500000 32 10
1044343.809587 1244256.796579 5687.500000 33 10
1044824.181398 1244342.445084 5687.500000 34 10
1038671.259402 1242667.485976 6500.000000 1 11
1038789.168132 1242713.480066 6500.000000 2 11
1038907.076862 1242759.474157 6500.000000 3 11
1038966.031227 1242782.471203 6500.000000 4 11
1039024.985592 1242805.468248 6500.000000 5 11
1039083.939957 1242828.465294 6500.000000 6 11
1039142.894322 1242851.462339 6500.000000 7 11
1039257.669875 1242896.915464 6500.000000 8 11
1039372.445428 1242942.368588 6500.000000 9 11
1039602.920058 1243030.793666 6500.000000 10 11
1039835.350556 1243112.495863 6500.000000 11 11
1039952.621862 1243149.500348 6500.000000 12 11
1040070.769263 1243183.233472 6500.000000 13 11
1040190.912112 1243213.614843 6500.000000 14 11
1040311.900984 1243240.829347 6500.000000 15 11
1040555.710044 1243288.562442 6500.000000 16 11
1041045.706176 1243376.877754 6500.000000 17 11
1041532.779705 1243479.576998 6500.000000 18 11
1042020.584539 1243573.753539 6500.000000 19 11
1042261.825213 1243607.333169 6500.000000 20 11
1042504.073813 1243635.223829 6500.000000 21 11
1042625.278109 1243648.879997 6500.000000 22 11
1042746.482404 1243662.536165 6500.000000 23 11
1042867.342729 1243678.458495 6500.000000 24 11
1042988.203054 1243694.380826 6500.000000 25 11
1043108.396354 1243714.342415 6500.000000 26 11
1043228.589654 1243734.304005 6500.000000 27 11
1043348.348813 1243756.975844 6500.000000 28 11
1043468.107972 1243779.647684 6500.000000 29 11
1043707.424951 1243826.193469 6500.000000 30 11
1043947.207536 1243869.722967 6500.000000 31 11
1044189.940222 1243907.300370 6500.000000 32 11
1044433.536288 1243939.362529 6500.000000 33 11
1044922.167389 1243994.294773 6500.000000 34 11
