# Type: scattered data
# Version: 6
# Description: No description
# Format: free
# Field: 1 x
# Field: 2 y
# Field: 3 z feet
# Field: 4 column
# Field: 5 row
# Projection: Local Rectangular
# Units: meters
# End:
# Information from grid:
# Grid_size: 37 x 2
# Grid_space: 1037268.974368,1041456.372497,1242127.540907,1241987.092875
# Scattered data: Not_available
# Z_field: z
# Vertical_faults: Not_available
# History: No history
# Z_units: feet
1037268.974368 1242127.540907 -0.000000 1 1
1037550.073307 1242179.238402 -0.000000 2 1
1037830.419803 1242233.538205 -0.000000 3 1
1037970.075747 1242262.477193 -0.000000 4 1
1038109.261415 1242293.042624 -0.000000 5 1
1038247.882751 1242325.559785 -0.000000 6 1
1038385.845699 1242360.353966 -0.000000 7 1
1038506.853915 1242393.198683 -0.000000 8 1
1038627.180320 1242428.412777 -0.000000 9 1
1038746.727979 1242466.342843 -0.000000 10 1
1038865.399958 1242507.335479 -0.000000 11 1
1038983.099320 1242551.737281 -0.000000 12 1
1039099.729131 1242599.894846 -0.000000 13 1
1039215.192456 1242652.154769 -0.000000 14 1
1039329.392359 1242708.863649 -0.000000 15 1
1039443.120905 1242770.382054 -0.000000 16 1
1039555.971444 1242834.498146 -0.000000 17 1
1039668.445537 1242898.946336 -0.000000 18 1
1039781.044745 1242961.461034 -0.000000 19 1
1039894.270628 1243019.776653 -0.000000 20 1
1039951.275311 1243046.651812 -0.000000 21 1
1040008.624748 1243071.627605 -0.000000 22 1
1040066.381634 1243094.420834 -0.000000 23 1
1040124.608665 1243114.748301 -0.000000 24 1
1040183.368535 1243132.326806 -0.000000 25 1
1040242.723940 1243146.873152 -0.000000 26 1
1040302.035050 1243158.075585 -0.000000 27 1
1040361.949309 1243166.240089 -0.000000 28 1
1040422.426507 1243171.569194 -0.000000 29 1
1040483.426434 1243174.265429 -0.000000 30 1
1040544.908880 1243174.531320 -0.000000 31 1
1040606.833635 1243172.569398 -0.000000 32 1
1040669.160490 1243168.582190 -0.000000 33 1
1040731.849233 1243162.772226 -0.000000 34 1
1040858.151549 1243146.494141 -0.000000 35 1
1040985.418903 1243125.355371 -0.000000 36 1
1041241.562008 1243074.976690 -0.000000 37 1
1038353.562503 1241358.209608 6500.000000 1 2
1038408.586841 1241370.954726 6500.000000 2 2
1038463.611178 1241383.699844 6500.000000 3 2
1038491.123347 1241390.072403 6500.000000 4 2
1038518.635516 1241396.444962 6500.000000 5 2
1038546.147685 1241402.817521 6500.000000 6 2
1038573.659854 1241409.190080 6500.000000 7 2
1038694.551179 1241438.013764 6500.000000 8 2
1038815.442505 1241466.837448 6500.000000 9 2
1038936.073054 1241496.705244 6500.000000 10 2
1039056.703604 1241526.573041 6500.000000 11 2
1039177.096648 1241557.592177 6500.000000 12 2
1039297.489693 1241588.611312 6500.000000 13 2
1039417.668504 1241620.889014 6500.000000 14 2
1039537.847316 1241653.166716 6500.000000 15 2
1039656.381486 1241686.016895 6500.000000 16 2
1039774.915657 1241718.867073 6500.000000 17 2
1039893.608130 1241750.983497 6500.000000 18 2
1040012.300604 1241783.099921 6500.000000 19 2
1040131.327115 1241813.375140 6500.000000 20 2
1040191.009131 1241827.554777 6500.000000 21 2
1040250.691147 1241841.734414 6500.000000 22 2
1040310.584987 1241854.697901 6500.000000 23 2
1040370.478826 1241867.661389 6500.000000 24 2
1040430.627551 1241879.150548 6500.000000 25 2
1040490.776275 1241890.639708 6500.000000 26 2
1040550.489680 1241900.368343 6500.000000 27 2
1040610.203085 1241910.096978 6500.000000 28 2
1040670.171033 1241918.345488 6500.000000 29 2
1040730.138982 1241926.593998 6500.000000 30 2
1040790.325110 1241933.573830 6500.000000 31 2
1040850.511239 1241940.553662 6500.000000 32 2
1040910.879185 1241946.476261 6500.000000 33 2
1040971.247130 1241952.398861 6500.000000 34 2
1041092.273928 1241962.552490 6500.000000 35 2
1041213.518907 1241971.437440 6500.000000 36 2
1041456.372497 1241987.092875 6500.000000 37 2
