# Type: scattered data
# Version: 6
# Description: No description
# Format: free
# Field: 1 x
# Field: 2 y
# Field: 3 z feet
# Field: 4 column
# Field: 5 row
# Projection: Local Rectangular
# Units: meters
# End:
# Information from grid:
# Grid_size: 36 x 7
# Grid_space: 1037452.611026,1040849.788213,1242676.733778,1242520.017170
# Scattered data: Not_available
# Z_field: z
# Vertical_faults: Not_available
# History: No history
# Z_units: feet
1037452.611026 1242676.733778 -0.000000 1 1
1037623.822265 1242729.160684 -0.000000 2 1
1037793.905350 1242783.297252 -0.000000 3 1
1037961.732126 1242840.853146 -0.000000 4 1
1038044.446851 1242871.447610 -0.000000 5 1
1038126.174441 1242903.538028 -0.000000 6 1
1038206.773877 1242937.338110 -0.000000 7 1
1038286.104139 1242973.061562 -0.000000 8 1
1038364.024209 1243010.922092 -0.000000 9 1
1038440.393067 1243051.133409 -0.000000 10 1
1038515.069693 1243093.909219 -0.000000 11 1
1038587.913070 1243139.463232 -0.000000 12 1
1038658.782176 1243188.009155 -0.000000 13 1
1038727.535994 1243239.760695 -0.000000 14 1
1038778.330394 1243281.310451 -0.000000 15 1
1038827.996471 1243324.570645 -0.000000 16 1
1038876.709327 1243369.276440 -0.000000 17 1
1038924.644064 1243415.163000 -0.000000 18 1
1039018.879585 1243509.419060 -0.000000 19 1
1039112.103847 1243605.220128 -0.000000 20 1
1039205.717663 1243700.447502 -0.000000 21 1
1039301.121845 1243792.982485 -0.000000 22 1
1039349.933077 1243837.578237 -0.000000 23 1
1039399.717206 1243880.706378 -0.000000 24 1
1039450.649332 1243922.102071 -0.000000 25 1
1039502.904558 1243961.500480 -0.000000 26 1
1039552.870034 1243996.215113 -0.000000 27 1
1039604.053406 1244029.090855 -0.000000 28 1
1039656.373479 1244060.250299 -0.000000 29 1
1039709.749062 1244089.816038 -0.000000 30 1
1039764.098961 1244117.910664 -0.000000 31 1
1039819.341983 1244144.656771 -0.000000 32 1
1039932.182624 1244194.593796 -0.000000 33 1
1040047.621441 1244240.607855 -0.000000 34 1
1040165.008891 1244283.679688 -0.000000 35 1
1040403.031510 1244364.919647 -0.000000 36 1
1037733.108541 1242520.461851 1625.000000 1 2
1037871.648564 1242565.469065 1625.000000 2 2
1038010.188587 1242610.476280 1625.000000 3 2
1038147.254583 1242658.099176 1625.000000 4 2
1038214.903165 1242683.480034 1625.000000 5 2
1038282.551747 1242708.860892 1625.000000 6 2
1038349.352763 1242735.745767 1625.000000 7 2
1038415.490467 1242763.807699 1625.000000 8 2
1038480.891158 1242793.177473 1625.000000 9 2
1038545.481133 1242823.985872 1625.000000 10 2
1038609.186693 1242856.363680 1625.000000 11 2
1038671.934135 1242890.441682 1625.000000 12 2
1038733.649758 1242926.350662 1625.000000 13 2
1038794.259860 1242964.221403 1625.000000 14 2
1038846.197172 1242998.909181 1625.000000 15 2
1038897.357625 1243034.972242 1625.000000 16 2
1038947.593577 1243072.664416 1625.000000 17 2
1038997.829530 1243110.356591 1625.000000 18 2
1039096.638732 1243188.639199 1625.000000 19 2
1039194.748387 1243268.084818 1625.000000 20 2
1039293.121650 1243346.958199 1625.000000 21 2
1039392.721678 1243423.524090 1625.000000 22 2
1039443.282714 1243460.399462 1625.000000 23 2
1039494.511625 1243496.047243 1625.000000 24 2
1039546.528806 1243530.250526 1625.000000 25 2
1039599.454650 1243562.792407 1625.000000 26 2
1039651.935231 1243592.720507 1625.000000 27 2
1039705.330048 1243620.979882 1625.000000 28 2
1039759.578150 1243647.681780 1625.000000 29 2
1039814.618588 1243672.937448 1625.000000 30 2
1039870.390415 1243696.858136 1625.000000 31 2
1039926.832680 1243719.555092 1625.000000 32 2
1040041.484730 1243761.722801 1625.000000 33 2
1040158.087148 1243800.330563 1625.000000 34 2
1040276.152341 1243836.268363 1625.000000 35 2
1040514.720686 1243903.694028 1625.000000 36 2
1037875.590016 1242441.760292 2437.500000 1 3
1037998.479930 1242482.279905 2437.500000 2 3
1038121.369843 1242522.799517 2437.500000 3 3
1038243.288271 1242565.210835 2437.500000 4 3
1038303.664594 1242587.551517 2437.500000 5 3
1038364.040917 1242609.892199 2437.500000 6 3
1038423.640051 1242633.746245 2437.500000 7 3
1038483.239186 1242657.600291 2437.500000 8 3
1038541.866835 1242683.346042 2437.500000 9 3
1038600.494485 1242709.091794 2437.500000 10 3
1038658.272084 1242736.492787 2437.500000 11 3
1038715.418218 1242765.123388 2437.500000 12 3
1038771.884313 1242795.078184 2437.500000 13 3
1038827.621793 1242826.451758 2437.500000 14 3
1038880.131218 1242857.768383 2437.500000 15 3
1038932.027841 1242890.273706 2437.500000 16 3
1038983.196309 1242924.180919 2437.500000 17 3
1039034.364777 1242958.088132 2437.500000 18 3
1039135.126424 1243028.842049 2437.500000 19 3
1039235.888072 1243099.595966 2437.500000 20 3
1039336.602813 1243170.240146 2437.500000 21 3
1039438.305203 1243238.778349 2437.500000 22 3
1039489.765577 1243271.781268 2437.500000 23 3
1039541.759434 1243303.685962 2437.500000 24 3
1039594.382299 1243334.301855 2437.500000 25 3
1039647.729696 1243363.438371 2437.500000 26 3
1039701.490280 1243390.766863 2437.500000 27 3
1039756.008924 1243416.551649 2437.500000 28 3
1039811.235090 1243440.895643 2437.500000 29 3
1039867.118240 1243463.901758 2437.500000 30 3
1039923.607837 1243485.672909 2437.500000 31 3
1039980.653345 1243506.312008 2437.500000 32 3
1040096.209941 1243544.605709 2437.500000 33 3
1040213.383731 1243579.606171 2437.500000 34 3
1040331.770414 1243612.136703 2437.500000 35 3
1040570.565273 1243673.081218 2437.500000 36 3
1038020.750735 1242362.380018 3250.000000 1 4
1038128.109381 1242398.127808 3250.000000 2 4
1038235.468026 1242433.875597 3250.000000 3 4
1038342.244291 1242470.883379 3250.000000 4 4
1038395.282996 1242490.143266 3250.000000 5 4
1038448.321700 1242509.403153 3250.000000 6 4
1038500.894500 1242529.671035 3250.000000 7 4
1038553.467300 1242549.938916 3250.000000 8 4
1038605.457719 1242571.466791 3250.000000 9 4
1038657.448139 1242592.994666 3250.000000 10 4
1038708.739702 1242616.034532 3250.000000 11 4
1038760.031265 1242639.074398 3250.000000 12 4
1038810.507496 1242663.878255 3250.000000 13 4
1038860.983726 1242688.682112 3250.000000 14 4
1038913.834831 1242717.190355 3250.000000 15 4
1038966.685935 1242745.698597 3250.000000 16 4
1039018.768039 1242775.848829 3250.000000 17 4
1039070.850143 1242805.999061 3250.000000 18 4
1039173.866899 1242868.629740 3250.000000 19 4
1039276.883655 1242931.260419 3250.000000 20 4
1039379.912508 1242993.625561 3250.000000 21 4
1039483.722457 1243054.083178 3250.000000 22 4
1039536.307867 1243082.709287 3250.000000 23 4
1039588.893277 1243111.335395 3250.000000 24 4
1039642.170193 1243138.353891 3250.000000 25 4
1039696.004742 1243164.084334 3250.000000 26 4
1039751.037260 1243188.659463 3250.000000 27 4
1039806.673224 1243211.845664 3250.000000 28 4
1039862.872403 1243233.735534 3250.000000 29 4
1039919.594569 1243254.421666 3250.000000 30 4
1039977.020754 1243273.487384 3250.000000 31 4
1040034.446940 1243292.553101 3250.000000 32 4
1040150.908499 1243326.980730 3250.000000 33 4
1040268.657408 1243358.445313 3250.000000 34 4
1040387.371830 1243387.687614 3250.000000 35 4
1040626.409861 1243442.468409 3250.000000 36 4
1038169.186089 1242282.170204 4062.500000 1 5
1038261.041619 1242312.801005 4062.500000 2 5
1038352.897148 1242343.431805 4062.500000 3 5
1038444.268444 1242375.247399 4062.500000 4 5
1038489.954092 1242391.155196 4062.500000 5 5
1038535.639740 1242407.062992 4062.500000 6 5
1038580.992478 1242423.785334 4062.500000 7 5
1038626.345216 1242440.507676 4062.500000 8 5
1038671.395308 1242457.970513 4062.500000 9 5
1038716.445400 1242475.433351 4062.500000 10 5
1038761.132316 1242493.784783 4062.500000 11 5
1038805.819233 1242512.136215 4062.500000 12 5
1038850.082446 1242531.524340 4062.500000 13 5
1038894.345659 1242550.912466 4062.500000 14 5
1038947.840280 1242576.103233 4062.500000 15 5
1039001.334902 1242601.294000 4062.500000 16 5
1039054.311576 1242627.729038 4062.500000 17 5
1039107.288251 1242654.164076 4062.500000 18 5
1039212.510090 1242708.662908 4062.500000 19 5
1039317.731929 1242763.161739 4062.500000 20 5
1039423.044585 1242817.185268 4062.500000 21 5
1039528.966004 1242869.489224 4062.500000 22 5
1039582.436677 1242894.255400 4062.500000 23 5
1039635.907350 1242919.021577 4062.500000 24 5
1039689.888985 1242942.419643 4062.500000 25 5
1039744.279788 1242964.730298 4062.500000 26 5
1039800.554433 1242986.391819 4062.500000 27 5
1039857.283680 1243006.850207 4062.500000 28 5
1039914.437220 1243026.185670 4062.500000 29 5
1039971.984748 1243044.478418 4062.500000 30 5
1040030.062644 1243061.367509 4062.500000 31 5
1040088.140539 1243078.256601 4062.500000 32 5
1040205.508599 1243108.826428 4062.500000 33 5
1040323.846473 1243136.829570 4062.500000 34 5
1040442.911709 1243162.907698 4062.500000 35 5
1040682.254449 1243211.855599 4062.500000 36 5
1038320.300672 1242201.281676 4875.000000 1 6
1038396.724600 1242226.342209 4875.000000 2 6
1038473.148527 1242251.402743 4875.000000 3 6
1038549.373230 1242277.032120 4875.000000 4 6
1038587.485582 1242289.846809 4875.000000 5 6
1038625.597933 1242302.661498 4875.000000 6 6
1038663.511059 1242316.045030 4875.000000 7 6
1038701.424185 1242329.428563 4875.000000 8 6
1038739.337312 1242342.812095 4875.000000 9 6
1038777.250438 1242356.195628 4875.000000 10 6
1038814.951887 1242370.183557 4875.000000 11 6
1038852.653337 1242384.171486 4875.000000 12 6
1038890.180464 1242398.657153 4875.000000 13 6
1038927.707592 1242413.142820 4875.000000 14 6
1038981.856350 1242435.099954 4875.000000 15 6
1039036.005108 1242457.057089 4875.000000 16 6
1039089.864867 1242479.818816 4875.000000 17 6
1039143.724626 1242502.580543 4875.000000 18 6
1039251.100399 1242548.941423 4875.000000 19 6
1039358.476172 1242595.302302 4875.000000 20 6
1039466.031452 1242640.924252 4875.000000 21 6
1039574.055238 1242685.002680 4875.000000 22 6
1039628.432197 1242705.876044 4875.000000 23 6
1039682.809157 1242726.749409 4875.000000 24 6
1039737.681995 1242746.062835 4875.000000 25 6
1039792.554834 1242765.376262 4875.000000 26 6
1039850.014137 1242783.972738 4875.000000 27 6
1039907.790320 1242801.581184 4875.000000 28 6
1039965.999571 1242817.839324 4875.000000 29 6
1040024.208822 1242834.097464 4875.000000 30 6
1040082.925080 1242848.774758 4875.000000 31 6
1040141.641338 1242863.452051 4875.000000 32 6
1040259.918864 1242890.171892 4875.000000 33 6
1040378.872400 1242914.783938 4875.000000 34 6
1040498.332942 1242937.815137 4875.000000 35 6
1040738.099037 1242981.242789 4875.000000 36 6
1038626.995242 1242038.373427 6500.000000 1 7
1038672.924769 1242050.777189 6500.000000 2 7
1038718.854296 1242063.180952 6500.000000 3 7
1038764.783823 1242075.584715 6500.000000 4 7
1038787.748587 1242081.786596 6500.000000 5 7
1038810.713350 1242087.988478 6500.000000 6 7
1038833.678113 1242094.190359 6500.000000 7 7
1038856.642877 1242100.392240 6500.000000 8 7
1038879.607640 1242106.594122 6500.000000 9 7
1038902.572404 1242112.796003 6500.000000 10 7
1038925.537167 1242118.997884 6500.000000 11 7
1038948.501931 1242125.199766 6500.000000 12 7
1038971.466694 1242131.401647 6500.000000 13 7
1038994.431458 1242137.603529 6500.000000 14 7
1039050.131292 1242152.885161 6500.000000 15 7
1039105.831127 1242168.166794 6500.000000 16 7
1039161.530961 1242183.448426 6500.000000 17 7
1039217.230796 1242198.730059 6500.000000 18 7
1039328.771340 1242228.771483 6500.000000 19 7
1039440.311884 1242258.812907 6500.000000 20 7
1039552.097586 1242287.745812 6500.000000 21 7
1039664.121126 1242315.557231 6500.000000 22 7
1039720.279716 1242328.758769 6500.000000 23 7
1039776.438306 1242341.960308 6500.000000 24 7
1039832.771616 1242354.314248 6500.000000 25 7
1039889.104926 1242366.668189 6500.000000 26 7
1039948.655802 1242378.658064 6500.000000 27 7
1040008.206678 1242390.647940 6500.000000 28 7
1040067.954286 1242401.675590 6500.000000 29 7
1040127.701893 1242412.703240 6500.000000 30 7
1040187.618128 1242422.906125 6500.000000 31 7
1040247.534363 1242433.109010 6500.000000 32 7
1040367.647879 1242452.140172 6500.000000 33 7
1040488.070544 1242469.659265 6500.000000 34 7
1040608.493209 1242487.178358 6500.000000 35 7
1040849.788213 1242520.017170 6500.000000 36 7
