# Type: scattered data
# Version: 6
# Description: No description
# Format: free
# Field: 1 x
# Field: 2 y
# Field: 3 z feet
# Field: 4 column
# Field: 5 row
# Projection: Local Rectangular
# Units: meters
# End:
# Information from grid:
# Grid_size: 26 x 13
# Grid_space: 1036803.828332,1043083.424810,1241196.027049,1241776.979221
# Scattered data: Not_available
# Z_field: z
# Vertical_faults: Not_available
# History: No history
# Z_units: feet
1036803.828332 1241196.027049 40.584897 1 1
1037377.453151 1241360.275479 20.292448 2 1
1037954.468351 1241512.139527 0.000000 3 1
1038934.119350 1241735.790632 0.000000 4 1
1039177.767567 1241794.286186 0.000000 5 1
1039421.415783 1241852.781741 0.000000 6 1
1039914.074102 1241957.805803 0.000000 7 1
1040162.867243 1242000.169601 0.000000 8 1
1040410.830823 1242044.716810 0.000000 9 1
1040533.031660 1242071.338151 0.000000 10 1
1040653.261267 1242102.740094 0.000000 11 1
1040770.931697 1242140.334222 0.000000 12 1
1040885.455002 1242185.532119 0.000000 13 1
1040996.756502 1242239.565569 0.000000 14 1
1041104.422474 1242301.743266 0.000000 15 1
1041208.579522 1242371.128788 0.000000 16 1
1041309.354249 1242446.785717 0.000000 17 1
1041406.873260 1242527.777632 0.000000 18 1
1041501.263157 1242613.168113 0.000000 19 1
1041592.650545 1242702.020741 0.000000 20 1
1041681.162027 1242793.399094 0.000000 21 1
1041772.886864 1242893.084574 0.000000 22 1
1041861.856308 1242994.362880 0.000000 23 1
1042033.103525 1243200.787788 0.000000 24 1
1042198.052700 1243410.853444 0.000000 25 1
1042359.852852 1243622.739475 0.000000 26 1
1036913.709075 1241022.912535 848.011785 1 2
1037467.657982 1241183.255354 830.255892 2 2
1038024.357484 1241333.859285 812.500000 3 2
1038999.635689 1241568.664955 812.500000 4 2
1039242.748667 1241628.846562 812.500000 5 2
1039485.861644 1241689.028170 812.500000 6 2
1039977.189501 1241796.804686 812.500000 7 2
1040225.099577 1241840.925221 812.500000 8 2
1040472.299776 1241886.923159 812.500000 9 2
1040594.317707 1241913.917815 812.500000 10 2
1040714.579010 1241945.331815 812.500000 11 2
1040832.557299 1241982.481824 812.500000 12 2
1040947.726187 1242026.684506 812.500000 13 2
1041059.213278 1242078.670089 812.500000 14 2
1041167.482635 1242138.135698 812.500000 15 2
1041272.625201 1242204.260033 812.500000 16 2
1041374.731921 1242276.221790 812.500000 17 2
1041473.893742 1242353.199669 812.500000 18 2
1041570.201606 1242434.372367 812.500000 19 2
1041663.746460 1242518.918583 812.500000 20 2
1041754.619247 1242606.017014 812.500000 21 2
1041847.883915 1242700.039381 812.500000 22 2
1041938.626721 1242795.752923 812.500000 23 2
1042113.987810 1242991.287145 812.500000 24 2
1042283.584643 1243190.686909 812.500000 25 2
1042450.299347 1243392.019443 812.500000 26 2
1037027.309804 1240851.188203 1655.438673 1 3
1037559.718234 1241007.018429 1640.219336 2 3
1038094.246617 1241155.579043 1625.000000 3 3
1039065.152027 1241401.539278 1625.000000 4 3
1039307.717457 1241463.399319 1625.000000 5 3
1039550.282887 1241525.259360 1625.000000 6 3
1040040.304899 1241635.803568 1625.000000 7 3
1040287.352337 1241681.716613 1625.000000 8 3
1040533.806877 1241729.197538 1625.000000 9 3
1040655.644631 1241756.570788 1625.000000 10 3
1040775.933546 1241787.989809 1625.000000 11 3
1040894.206751 1241824.672533 1625.000000 12 3
1041009.997372 1241867.836894 1625.000000 13 3
1041121.714083 1241917.786819 1625.000000 14 3
1041230.606387 1241974.558707 1625.000000 15 3
1041336.735514 1242037.441551 1625.000000 16 3
1041440.162691 1242105.724348 1625.000000 17 3
1041540.949146 1242178.696090 1625.000000 18 3
1041639.156109 1242255.645772 1625.000000 19 3
1041734.844807 1242335.862388 1625.000000 20 3
1041828.076468 1242418.634934 1625.000000 21 3
1041922.868762 1242507.071995 1625.000000 22 3
1042015.377606 1242597.267455 1625.000000 23 3
1042194.849777 1242781.928775 1625.000000 24 3
1042369.102637 1242970.609294 1625.000000 25 3
1042540.745842 1243161.299411 1625.000000 26 3
1037086.667648 1240766.281792 2059.152117 1 4
1037607.027116 1240919.402906 2045.201058 2 4
1038129.191183 1241066.438922 2031.250000 3 4
1039097.910196 1241317.976439 2031.250000 4 4
1039340.196824 1241380.673714 2031.250000 5 4
1039582.483452 1241443.370988 2031.250000 6 4
1040071.862598 1241555.303010 2031.250000 7 4
1040318.219569 1241602.830327 2031.250000 8 4
1040564.576540 1241650.357644 2031.250000 9 4
1040686.325336 1241677.922069 2031.250000 10 4
1040806.626318 1241709.341289 2031.250000 11 4
1040925.041517 1241745.782547 2031.250000 12 4
1041041.132964 1241788.413087 2031.250000 13 4
1041152.981363 1241837.351059 2031.250000 14 4
1041262.192997 1241892.784067 2031.250000 15 4
1041368.816336 1241954.054361 2031.250000 16 4
1041472.899852 1242020.504191 2031.250000 17 4
1041574.492014 1242091.475809 2031.250000 18 4
1041673.641292 1242166.311465 2031.250000 19 4
1041770.396157 1242244.353410 2031.250000 20 4
1041864.805079 1242324.943894 2031.250000 21 4
1041960.359152 1242410.617148 2031.250000 22 4
1042053.749796 1242498.070875 2031.250000 23 4
1042235.277043 1242677.302337 2031.250000 24 4
1042411.859311 1242860.603453 2031.250000 25 4
1042585.969089 1243045.939396 2031.250000 26 4
1037148.350473 1240682.244247 2462.865561 1 5
1037655.498406 1240832.237994 2450.182780 2 5
1038164.135749 1240977.298801 2437.500000 3 5
1039130.668365 1241234.413601 2437.500000 4 5
1039372.672609 1241297.947329 2437.500000 5 5
1039614.676852 1241361.481056 2437.500000 6 5
1040103.420298 1241474.802451 2437.500000 7 5
1040349.389063 1241523.166984 2437.500000 8 5
1040595.357829 1241571.531516 2437.500000 9 5
1040717.018468 1241599.288314 2437.500000 10 5
1040837.330253 1241630.706386 2437.500000 11 5
1040955.883509 1241666.901465 2437.500000 12 5
1041072.268557 1241708.989281 2437.500000 13 5
1041184.260142 1241756.919900 2437.500000 14 5
1041293.796682 1241811.019910 2437.500000 15 5
1041400.915207 1241870.683518 2437.500000 16 5
1041505.652748 1241935.304934 2437.500000 17 5
1041608.046336 1242004.278367 2437.500000 18 5
1041708.133002 1242076.998025 2437.500000 19 5
1041805.949776 1242152.858118 2437.500000 20 5
1041901.533689 1242231.252854 2437.500000 21 5
1041997.849570 1242314.181237 2437.500000 22 5
1042092.122031 1242398.904594 2437.500000 23 5
1042275.704362 1242572.710527 2437.500000 24 5
1042454.616018 1242750.619255 2437.500000 25 5
1042631.192336 1242930.579380 2437.500000 26 5
1037212.823276 1240599.249343 2866.579004 1 6
1037705.363847 1240745.612471 2855.164502 2 6
1038199.080316 1240888.158681 2843.750000 3 6
1039163.426534 1241150.850763 2843.750000 4 6
1039405.144625 1241215.220639 2843.750000 5 6
1039646.862715 1241279.590516 2843.750000 6 6
1040134.977997 1241394.301892 2843.750000 7 6
1040380.564676 1241443.509918 2843.750000 8 6
1040626.151355 1241492.717943 2843.750000 9 6
1040747.724665 1241520.668272 2843.750000 10 6
1040868.045916 1241552.084009 2843.750000 11 6
1040986.733085 1241588.028597 2843.750000 12 6
1041103.404149 1241629.565475 2843.750000 13 6
1041215.550638 1241676.493842 2843.750000 14 6
1041325.417955 1241729.267135 2843.750000 15 6
1041433.032939 1241787.330202 2843.750000 16 6
1041538.422432 1241850.127891 2843.750000 17 6
1041641.613273 1241917.105049 2843.750000 18 6
1041742.632305 1241987.706523 2843.750000 19 6
1041841.506367 1242061.377162 2843.750000 20 6
1041938.262300 1242137.561813 2843.750000 21 6
1042035.341063 1242217.763967 2843.750000 22 6
1042130.495986 1242299.768136 2843.750000 23 6
1042316.133645 1242468.152800 2843.750000 24 6
1042497.373952 1242640.656358 2843.750000 25 6
1042676.415584 1242815.219364 2843.750000 26 6
1037280.551052 1240517.470854 3270.292448 1 7
1037756.854602 1240659.616913 3260.146224 2 7
1038234.024882 1240799.018560 3250.000000 3 7
1039196.184703 1241067.287924 3250.000000 4 7
1039437.612667 1241132.494198 3250.000000 5 7
1039679.040632 1241197.700471 3250.000000 6 7
1040166.535696 1241313.801334 3250.000000 7 7
1040411.746691 1241363.858488 3250.000000 8 7
1040656.957686 1241413.915643 3250.000000 9 7
1040778.444516 1241442.060631 3250.000000 10 7
1040898.773822 1241473.473019 3250.000000 11 7
1041017.590573 1241509.163226 3250.000000 12 7
1041134.539742 1241550.141668 3250.000000 13 7
1041246.853093 1241596.073373 3250.000000 14 7
1041357.057381 1241647.526611 3250.000000 15 7
1041465.170429 1241703.995536 3250.000000 16 7
1041571.210061 1241764.974298 3250.000000 17 7
1041675.194101 1241829.957051 3250.000000 18 7
1041777.140374 1241898.437947 3250.000000 19 7
1041877.066702 1241969.911137 3250.000000 20 7
1041974.990910 1242043.870773 3250.000000 21 7
1042072.834677 1242121.364976 3250.000000 22 7
1042168.873333 1242200.660927 3250.000000 23 7
1042356.566805 1242363.628501 3250.000000 24 7
1042540.134310 1242530.714354 3250.000000 25 7
1042721.638831 1242699.859348 3250.000000 26 7
1037351.843805 1240437.024618 3674.005892 1 8
1037810.406627 1240573.451528 3665.127946 2 8
1038268.969449 1240709.878439 3656.250000 3 8
1039228.942873 1240983.725086 3656.250000 4 8
1039470.076537 1241049.768555 3656.250000 5 8
1039711.210201 1241115.812024 3656.250000 6 8
1040198.093395 1241233.300775 3656.250000 7 8
1040442.935364 1241284.212046 3656.250000 8 8
1040687.777332 1241335.123318 3656.250000 9 8
1040809.178551 1241363.464059 3656.250000 10 8
1040929.514433 1241394.872258 3656.250000 11 8
1041048.456266 1241430.304623 3656.250000 12 8
1041165.675334 1241470.717862 3656.250000 13 8
1041278.167775 1241515.658956 3656.250000 14 8
1041388.715584 1241565.799149 3656.250000 15 8
1041497.328660 1241620.680554 3656.250000 16 8
1041604.016903 1241679.845285 3656.250000 17 8
1041708.790211 1241742.835454 3656.250000 18 8
1041811.658484 1241809.193177 3656.250000 19 8
1041912.631621 1241878.460565 3656.250000 20 8
1042011.719520 1241950.179733 3656.250000 21 8
1042110.331451 1242024.983848 3656.250000 22 8
1042207.255737 1242101.582296 3656.250000 23 8
1042397.005745 1242259.136862 3656.250000 24 8
1042582.898280 1242420.792764 3656.250000 25 8
1042766.862078 1242584.499332 3656.250000 26 8
1037426.391522 1240357.794808 4077.719336 1 9
1037865.152769 1240489.266563 4070.109668 2 9
1038303.914015 1240620.738318 4062.500000 3 9
1039261.701042 1240900.162247 4062.500000 4 9
1039502.216368 1240968.175439 4062.500000 5 9
1039743.371230 1241033.925596 4062.500000 6 9
1040229.651094 1241152.800216 4062.500000 7 9
1040474.130895 1241204.570027 4062.500000 8 9
1040718.610695 1241256.339837 4062.500000 9 9
1040839.927191 1241284.877354 4062.500000 10 9
1040960.268127 1241316.280651 4062.500000 11 9
1041079.330405 1241351.452095 4062.500000 12 9
1041196.810926 1241391.294056 4062.500000 13 9
1041309.494982 1241435.250999 4062.500000 14 9
1041420.393248 1241484.085454 4062.500000 15 9
1041529.508706 1241537.386147 4062.500000 16 9
1041636.844334 1241594.741808 4062.500000 17 9
1041742.403111 1241655.741164 4062.500000 18 9
1041846.188016 1241719.972945 4062.500000 19 9
1041948.202030 1241787.025879 4062.500000 20 9
1042048.448131 1241856.488693 4062.500000 21 9
1042147.832411 1241928.620110 4062.500000 22 9
1042245.644839 1242002.531491 4062.500000 23 9
1042437.452339 1242154.677025 4062.500000 24 9
1042625.667034 1242310.891048 4062.500000 25 9
1042812.085326 1242469.139316 4062.500000 26 9
1037503.729216 1240279.607639 4481.432780 1 10
1037921.293899 1240405.602918 4475.091390 2 10
1038338.858582 1240531.598197 4468.750000 3 10
1039294.459211 1240816.599409 4468.750000 4 10
1039534.631819 1240885.579859 4468.750000 5 10
1039775.523616 1240952.041345 4468.750000 6 10
1040261.208793 1241072.299657 4468.750000 7 10
1040505.333444 1241124.931897 4468.750000 8 10
1040749.458095 1241177.564137 4468.750000 9 10
1040870.690779 1241206.299367 4468.750000 10 10
1040991.035211 1241237.697157 4468.750000 11 10
1041110.213190 1241272.604965 4468.750000 12 10
1041227.946519 1241311.870249 4468.750000 13 10
1041340.835038 1241354.849863 4468.750000 14 10
1041452.091113 1241402.386137 4468.750000 15 10
1041561.711718 1241454.113071 4468.750000 16 10
1041669.693826 1241509.664666 4468.750000 17 10
1041776.034410 1241568.674922 4468.750000 18 10
1041880.730441 1241630.777838 4468.750000 19 10
1041983.778894 1241695.607415 4468.750000 20 10
1042085.176741 1241762.797653 4468.750000 21 10
1042184.609496 1241833.152662 4468.750000 22 10
1042284.042250 1241903.507670 4468.750000 23 10
1042477.908429 1242050.248026 4468.750000 24 10
1042668.441723 1242201.008607 4468.750000 25 10
1042857.308573 1242353.779301 4468.750000 26 10
1037583.391892 1240202.289337 4885.146224 1 11
1037978.597520 1240322.373706 4880.073112 2 11
1038373.803148 1240442.458076 4875.000000 3 11
1039327.217380 1240733.036571 4875.000000 4 11
1039567.040852 1240802.987286 4875.000000 5 11
1039807.667314 1240870.159277 4875.000000 6 11
1040292.766493 1240991.799099 4875.000000 7 11
1040536.543137 1241045.297147 4875.000000 8 11
1040780.319781 1241098.795196 4875.000000 9 11
1040901.469586 1241127.728984 4875.000000 10 11
1041021.815928 1241159.120761 4875.000000 11 11
1041141.104779 1241193.762567 4875.000000 12 11
1041259.082111 1241232.446443 4875.000000 13 11
1041372.188287 1241274.455866 4875.000000 14 11
1041483.809959 1241320.701722 4875.000000 15 11
1041593.938913 1241370.861951 4875.000000 16 11
1041702.566933 1241424.614494 4875.000000 17 11
1041809.685803 1241481.637291 4875.000000 18 11
1041915.287306 1241541.608283 4875.000000 19 11
1042019.363228 1241604.205410 4875.000000 20 11
1042121.905352 1241669.106613 4875.000000 21 11
1042222.177447 1241736.808257 4875.000000 22 11
1042322.449543 1241804.509900 4875.000000 23 11
1042518.375813 1241945.848800 4875.000000 24 11
1042711.223470 1242091.144774 4875.000000 25 11
1042902.531820 1242238.419285 4875.000000 26 11
1037747.832201 1240049.564241 5692.573112 1 12
1038095.762241 1240156.871037 5690.036556 2 12
1038443.692281 1240264.177834 5687.500000 3 12
1039392.733718 1240565.910894 5687.500000 4 12
1039631.840048 1240637.809297 5687.500000 5 12
1039871.928966 1240706.400262 5687.500000 6 12
1040355.881891 1240830.797981 5687.500000 7 12
1040598.984251 1240886.035968 5687.500000 8 12
1040842.086611 1240941.273955 5687.500000 9 12
1040962.752757 1240971.629707 5687.500000 10 12
1041083.418902 1241001.985459 5687.500000 11 12
1041202.914798 1241036.089433 5687.500000 12 12
1041321.353296 1241073.598830 5687.500000 13 12
1041434.935826 1241113.690297 5687.500000 14 12
1041547.313901 1241157.379141 5687.500000 15 12
1041658.470979 1241204.427280 5687.500000 16 12
1041768.390524 1241254.596633 5687.500000 17 12
1041877.055995 1241307.649117 5687.500000 18 12
1041984.450852 1241363.346650 5687.500000 19 12
1042090.558558 1241421.451149 5687.500000 20 12
1042195.362573 1241481.724532 5687.500000 21 12
1042297.331196 1241544.156449 5687.500000 22 12
1042399.299819 1241606.588367 5687.500000 23 12
1042599.351370 1241737.134926 5687.500000 24 12
1042796.812458 1241871.469969 5687.500000 25 12
1042992.978315 1242007.699253 5687.500000 26 12
1037915.992479 1239898.229332 6500.000000 1 13
1038215.138794 1239990.968555 6500.000000 2 13
1038513.581414 1240085.897592 6500.000000 3 13
1039458.250056 1240398.785217 6500.000000 4 13
1039696.616402 1240472.632636 6500.000000 5 13
1039936.158629 1240542.640372 6500.000000 6 13
1040418.997289 1240669.796864 6500.000000 7 13
1040661.454349 1240726.783667 6500.000000 8 13
1040903.911408 1240783.770470 6500.000000 9 13
1041024.494491 1240814.319289 6500.000000 10 13
1041145.077574 1240844.868108 6500.000000 11 13
1041264.760872 1240878.428123 6500.000000 12 13
1041383.624481 1240914.751218 6500.000000 13 13
1041497.740670 1240952.955622 6500.000000 14 13
1041610.911960 1240994.119464 6500.000000 15 13
1041723.115548 1241038.083667 6500.000000 16 13
1041834.328629 1241084.689157 6500.000000 17 13
1041944.528399 1241133.776856 6500.000000 18 13
1042053.692053 1241185.187689 6500.000000 19 13
1042161.796786 1241238.762579 6500.000000 20 13
1042268.819793 1241294.342452 6500.000000 21 13
1042372.513461 1241351.550152 6500.000000 22 13
1042476.207128 1241408.757852 6500.000000 23 13
1042680.392108 1241528.525074 6500.000000 24 13
1042881.908459 1241652.752148 6500.000000 25 13
1043083.424810 1241776.979221 6500.000000 26 13
