# Type: scattered data
# Version: 6
# Description: No description
# Format: free
# Field: 1 x
# Field: 2 y
# Field: 3 z feet
# Field: 4 column
# Field: 5 row
# Projection: Local Rectangular
# Units: meters
# End:
# Information from grid:
# Grid_size: 47 x 2
# Grid_space: 1036453.669181,1044282.282994,1239397.992405,1241413.569337
# Scattered data: Not_available
# Z_field: z
# Vertical_faults: Not_available
# History: No history
# Z_units: feet
1036453.669181 1239397.992405 -0.000000 1 1
1036621.813719 1239475.554497 -0.000000 2 1
1036788.291304 1239555.883398 -0.000000 3 1
1037109.577793 1239735.908860 -0.000000 4 1
1037212.698631 1239805.064700 -0.000000 5 1
1037313.587899 1239877.899297 -0.000000 6 1
1037412.721656 1239953.559488 -0.000000 7 1
1037511.855414 1240029.219680 -0.000000 8 1
1037710.747717 1240179.099842 -0.000000 9 1
1037812.417970 1240250.134164 -0.000000 10 1
1037916.632186 1240316.769619 -0.000000 11 1
1038025.206310 1240378.648363 -0.000000 12 1
1038136.767563 1240435.318552 -0.000000 13 1
1038250.887833 1240487.446393 -0.000000 14 1
1038367.139009 1240535.698093 -0.000000 15 1
1038604.321630 1240623.237898 -0.000000 16 1
1038844.890527 1240703.267624 -0.000000 17 1
1039336.998625 1240860.537308 -0.000000 18 1
1039822.744314 1241021.728591 -0.000000 19 1
1040300.513763 1241191.790620 -0.000000 20 1
1040543.953806 1241273.058942 -0.000000 21 1
1040668.429466 1241310.987052 -0.000000 22 1
1040795.358144 1241346.438604 -0.000000 23 1
1041051.472746 1241410.620941 -0.000000 24 1
1041179.158203 1241443.742021 -0.000000 25 1
1041304.132296 1241480.415426 -0.000000 26 1
1041424.547421 1241522.790445 -0.000000 27 1
1041538.555976 1241573.016366 -0.000000 28 1
1041592.580415 1241601.745068 -0.000000 29 1
1041644.310359 1241633.242478 -0.000000 30 1
1041693.514861 1241667.777258 -0.000000 31 1
1041739.962968 1241705.618069 -0.000000 32 1
1041782.189712 1241745.577839 -0.000000 33 1
1041821.912815 1241788.557121 -0.000000 34 1
1041895.043247 1241882.238589 -0.000000 35 1
1041961.744565 1241983.991214 -0.000000 36 1
1042024.407070 1242091.143732 -0.000000 37 1
1042147.176838 1242310.963406 -0.000000 38 1
1042212.064703 1242418.288039 -0.000000 39 1
1042282.474953 1242520.327521 -0.000000 40 1
1042355.206921 1242609.387863 -0.000000 41 1
1042434.032798 1242692.320621 -0.000000 42 1
1042518.082026 1242770.001163 -0.000000 43 1
1042606.484047 1242843.304860 -0.000000 44 1
1042698.368301 1242913.107079 -0.000000 45 1
1042792.864231 1242980.283191 -0.000000 46 1
1042986.208884 1243110.258569 -0.000000 47 1
1037954.579324 1238037.715738 6500.000000 1 2
1038041.753661 1238070.996625 6500.000000 2 2
1038128.927999 1238104.277511 6500.000000 3 2
1038299.022882 1238178.807566 6500.000000 4 2
1038408.720089 1238236.479104 6500.000000 5 2
1038515.353702 1238299.918036 6500.000000 6 2
1038619.671638 1238367.751955 6500.000000 7 2
1038722.421816 1238438.608458 6500.000000 8 2
1038926.210569 1238583.899595 6500.000000 9 2
1039029.456940 1238654.355902 6500.000000 10 2
1039132.703311 1238724.812209 6500.000000 11 2
1039237.695578 1238789.921778 6500.000000 12 2
1039344.558367 1238851.707106 6500.000000 13 2
1039453.702621 1238909.398049 6500.000000 14 2
1039562.846874 1238967.088993 6500.000000 15 2
1039785.471551 1239074.525776 6500.000000 16 2
1040010.335116 1239177.585358 6500.000000 17 2
1040464.184651 1239382.734088 6500.000000 18 2
1040915.569914 1239591.111766 6500.000000 19 2
1041365.334282 1239803.747294 6500.000000 20 2
1041593.173735 1239904.826287 6500.000000 21 2
1041709.419930 1239951.244907 6500.000000 22 2
1041825.666125 1239997.663528 6500.000000 23 2
1042064.815173 1240081.546565 6500.000000 24 2
1042184.389697 1240123.488084 6500.000000 25 2
1042303.964221 1240165.429602 6500.000000 26 2
1042421.267549 1240210.788439 6500.000000 27 2
1042535.931650 1240260.418324 6500.000000 28 2
1042591.511401 1240288.094820 6500.000000 29 2
1042647.091151 1240315.771316 6500.000000 30 2
1042700.485915 1240347.035397 6500.000000 31 2
1042753.880679 1240378.299477 6500.000000 32 2
1042801.013843 1240410.758029 6500.000000 33 2
1042848.147006 1240443.216582 6500.000000 34 2
1042938.942859 1240513.903622 6500.000000 35 2
1043027.262471 1240588.773229 6500.000000 36 2
1043114.100075 1240666.238036 6500.000000 37 2
1043287.306187 1240822.603772 6500.000000 38 2
1043375.663162 1240898.329966 6500.000000 39 2
1043466.515059 1240970.301885 6500.000000 40 2
1043560.821078 1241037.444833 6500.000000 41 2
1043658.193086 1241099.893974 6500.000000 42 2
1043758.193085 1241158.319853 6500.000000 43 2
1043860.383076 1241213.393012 6500.000000 44 2
1043964.982058 1241264.778181 6500.000000 45 2
1044069.581041 1241316.163350 6500.000000 46 2
1044282.282994 1241413.569337 6500.000000 47 2
