# Type: scattered data
# Version: 6
# Description: No description
# Format: free
# Field: 1 x
# Field: 2 y
# Field: 3 z feet
# Field: 4 column
# Field: 5 row
# Projection: Local Rectangular
# Units: meters
# End:
# Information from grid:
# Grid_size: 17 x 11
# Grid_space: 1037640.607181,1042409.404522,1244742.574576,1244084.441422
# Scattered data: Not_available
# Z_field: z
# Vertical_faults: Not_available
# History: No history
# Z_units: feet
1037640.607181 1244742.574576 -0.000000 1 1
1038405.514732 1245112.314666 -0.000000 2 1
1039171.882293 1245477.164539 -0.000000 3 1
1039606.505533 1245682.273864 -0.000000 4 1
1040037.417279 1245897.784321 -0.000000 5 1
1040486.809183 1246138.120591 -0.000000 6 1
1040600.211470 1246195.131001 -0.000000 7 1
1040714.703415 1246248.984653 -0.000000 8 1
1040830.618985 1246298.717897 -0.000000 9 1
1040948.292148 1246343.367085 -0.000000 10 1
1041061.755762 1246380.396955 -0.000000 11 1
1041176.866125 1246412.665278 -0.000000 12 1
1041293.387989 1246440.852275 -0.000000 13 1
1041411.086104 1246465.638166 -0.000000 14 1
1041529.725218 1246487.703174 -0.000000 15 1
1041649.070083 1246507.727518 -0.000000 16 1
1041888.936062 1246544.375102 -0.000000 17 1
1037771.469699 1244591.253188 812.500000 1 2
1038495.812043 1244918.389878 812.500000 2 2
1039222.140881 1245239.623167 812.500000 3 2
1039659.677885 1245429.731924 812.500000 4 2
1040094.417641 1245628.378735 812.500000 5 2
1040548.512963 1245849.448566 812.500000 6 2
1040662.890386 1245902.056604 812.500000 7 2
1040778.161961 1245951.904760 812.500000 8 2
1040894.604048 1245998.144977 812.500000 9 2
1041012.493005 1246039.929197 812.500000 10 2
1041126.735207 1246075.153635 812.500000 11 2
1041242.355609 1246106.136007 812.500000 12 2
1041359.157325 1246133.482323 812.500000 13 2
1041476.943469 1246157.798593 812.500000 14 2
1041595.517157 1246179.690825 812.500000 15 2
1041714.681502 1246199.765030 812.500000 16 2
1041953.994620 1246236.883392 812.500000 17 2
1037901.206485 1244437.846347 1625.000000 1 3
1038585.817875 1244722.915550 1625.000000 2 3
1039272.399468 1245002.081796 1625.000000 3 3
1039712.940433 1245177.088919 1625.000000 4 3
1040151.418003 1245358.973150 1625.000000 5 3
1040610.107206 1245560.810984 1625.000000 6 3
1040725.456208 1245609.010728 1625.000000 7 3
1040841.521711 1245654.844670 1625.000000 8 3
1040958.526625 1245697.581850 1625.000000 9 3
1041076.693862 1245736.491310 1625.000000 10 3
1041191.681308 1245769.842990 1625.000000 11 3
1041307.791742 1245799.499016 1625.000000 12 3
1041424.864736 1245825.987340 1625.000000 13 3
1041542.739864 1245849.835911 1625.000000 14 3
1041661.497339 1245870.780755 1625.000000 15 3
1041780.254813 1245891.725598 1625.000000 16 3
1042019.053177 1245929.391682 1625.000000 17 3
1038028.691806 1244280.268626 2437.500000 1 4
1038674.840267 1244525.039229 2437.500000 2 4
1039322.658055 1244764.540425 2437.500000 3 4
1039766.277564 1244924.358178 2437.500000 4 4
1040208.418365 1245089.567565 2437.500000 5 4
1040671.597147 1245272.201617 2437.500000 6 4
1040787.913273 1245315.987740 2437.500000 7 4
1040904.785675 1245357.800039 2437.500000 8 4
1041022.388207 1245397.026078 2437.500000 9 4
1041140.894719 1245433.053422 2437.500000 10 4
1041256.587532 1245464.471193 2437.500000 11 4
1041373.164072 1245492.764182 2437.500000 12 4
1041490.498089 1245518.378789 2437.500000 13 4
1041608.463340 1245541.761409 2437.500000 14 4
1041727.122946 1245562.688844 2437.500000 15 4
1041845.782551 1245583.616279 2437.500000 16 4
1042084.111735 1245621.899972 2437.500000 17 4
1038091.238376 1244199.263985 2843.750000 1 5
1038718.770985 1244424.941048 2843.750000 2 5
1039347.787349 1244645.769739 2843.750000 3 5
1039792.967190 1244797.970894 2843.750000 4 5
1040236.918546 1244954.864773 2843.750000 5 5
1040702.305255 1245127.903499 2843.750000 6 5
1040819.102880 1245169.481381 2843.750000 7 5
1040936.383025 1245209.281015 2843.750000 8 5
1041054.296757 1245246.749636 2843.750000 9 5
1041172.995147 1245281.334478 2843.750000 10 5
1041289.023633 1245311.764923 2843.750000 11 5
1041405.823018 1245339.364171 2843.750000 12 5
1041523.283174 1245364.536680 2843.750000 13 5
1041641.293971 1245387.686907 2843.750000 14 5
1041759.910475 1245408.612623 2843.750000 15 5
1041878.526979 1245429.538338 2843.750000 16 5
1042116.641014 1245468.154117 2843.750000 17 5
1038152.799930 1244116.434584 3250.000000 1 6
1038762.204906 1244323.933737 3250.000000 2 6
1039372.916643 1244526.999053 3250.000000 3 6
1039819.666264 1244671.579463 3250.000000 4 6
1040265.418726 1244820.161980 3250.000000 5 6
1040732.990260 1244983.606242 3250.000000 6 6
1040850.474192 1245022.184167 3250.000000 7 6
1040967.958124 1245060.762091 3250.000000 8 6
1041086.190893 1245096.473093 3250.000000 9 6
1041205.095576 1245129.615535 3250.000000 10 6
1041321.447304 1245159.046797 3250.000000 11 6
1041438.462078 1245185.945191 3250.000000 12 6
1041556.045174 1245210.672555 3250.000000 13 6
1041674.101874 1245233.590726 3250.000000 14 6
1041792.679538 1245254.518787 3250.000000 15 6
1041911.257201 1245275.446848 3250.000000 16 6
1042149.170292 1245314.408262 3250.000000 17 6
1038213.282657 1244031.606633 3656.250000 1 7
1038805.087871 1244221.952436 3656.250000 2 7
1039398.045936 1244408.228368 3656.250000 3 7
1039846.371862 1244545.192416 3656.250000 4 7
1040293.918907 1244685.459188 3656.250000 5 7
1040763.653118 1244839.306989 3656.250000 6 7
1040881.582322 1244875.774280 3656.250000 7 7
1040999.511525 1244912.241572 3656.250000 8 7
1041118.070887 1244946.195590 3656.250000 9 7
1041237.196004 1244977.896591 3656.250000 10 7
1041353.857798 1245006.318218 3656.250000 11 7
1041471.080053 1245032.509485 3656.250000 12 7
1041588.982867 1245055.992458 3656.250000 13 7
1041706.885682 1245079.475431 3656.250000 14 7
1041825.429022 1245100.409420 3656.250000 15 7
1041943.972363 1245121.343410 3656.250000 16 7
1042181.699571 1245160.662407 3656.250000 17 7
1038272.780368 1243944.953927 4062.500000 1 8
1038847.470200 1244119.075914 4062.500000 2 8
1039423.175230 1244289.457682 4062.500000 3 8
1039873.084887 1244418.807617 4062.500000 4 8
1040322.419088 1244550.756395 4062.500000 5 8
1040794.293669 1244695.005981 4062.500000 6 8
1040912.668424 1244729.362704 4062.500000 7 8
1041031.043178 1244763.719428 4062.500000 8 8
1041149.936731 1244795.917050 4062.500000 9 8
1041269.296432 1244826.177647 4062.500000 10 8
1041386.254604 1244853.580090 4062.500000 11 8
1041503.676128 1244879.058501 4062.500000 12 8
1041621.660294 1244902.200588 4062.500000 13 8
1041739.644460 1244925.342674 4062.500000 14 8
1041858.158171 1244946.285867 4062.500000 15 8
1041976.671882 1244967.229060 4062.500000 16 8
1042214.228850 1245006.916552 4062.500000 17 8
1038389.383609 1243767.216955 4875.000000 1 9
1038931.034193 1243911.091848 4875.000000 2 9
1039473.433817 1244051.916311 4875.000000 3 9
1039926.541583 1244166.014954 4875.000000 4 9
1040379.419450 1244281.350810 4875.000000 5 9
1040855.505822 1244406.405826 4875.000000 6 9
1040974.773059 1244436.539645 4875.000000 7 9
1041094.040297 1244466.673464 4875.000000 8 9
1041213.768793 1244494.706612 4875.000000 9 9
1041333.497289 1244522.739759 4875.000000 10 9
1041451.148681 1244547.427411 4875.000000 11 9
1041568.800073 1244572.115062 4875.000000 12 9
1041686.942071 1244594.572414 4875.000000 13 9
1041805.084068 1244617.029766 4875.000000 14 9
1041923.634903 1244637.628535 4875.000000 15 9
1042042.185738 1244658.227304 4875.000000 16 9
1042279.287407 1244699.424842 4875.000000 17 9
1038503.735385 1243585.309102 5687.500000 1 10
1039013.488837 1243700.884499 5687.500000 2 10
1039523.692405 1243814.374939 5687.500000 3 10
1039980.056108 1243913.160082 5687.500000 4 10
1040436.419812 1244011.945225 5687.500000 5 10
1040916.622469 1244117.827957 5687.500000 6 10
1041036.784982 1244143.731407 5687.500000 7 10
1041156.947495 1244169.634857 5687.500000 8 10
1041277.322820 1244194.468364 5687.500000 9 10
1041397.698146 1244219.301872 5687.500000 10 10
1041515.763960 1244242.211868 5687.500000 11 10
1041633.829773 1244265.121865 5687.500000 12 10
1041752.122870 1244286.890928 5687.500000 13 10
1041870.415967 1244308.659991 5687.500000 14 10
1041988.898466 1244329.478276 5687.500000 15 10
1042107.380966 1244350.296561 5687.500000 16 10
1042344.345965 1244391.933132 5687.500000 17 10
1038616.961429 1243401.315810 6500.000000 1 11
1039095.456210 1243489.074689 6500.000000 2 11
1039573.950992 1243576.833568 6500.000000 3 11
1040033.685583 1243659.686604 6500.000000 4 11
1040493.420174 1243742.539640 6500.000000 5 11
1040977.659588 1243829.201812 6500.000000 6 11
1041098.719442 1243850.867355 6500.000000 7 11
1041219.779296 1243872.532898 6500.000000 8 11
1041340.839149 1243894.198441 6500.000000 9 11
1041461.899003 1243915.863984 6500.000000 10 11
1041580.337193 1243936.936164 6500.000000 11 11
1041698.775383 1243958.008343 6500.000000 12 11
1041817.213573 1243979.080523 6500.000000 13 11
1041935.651763 1244000.152703 6500.000000 14 11
1042054.089952 1244021.224883 6500.000000 15 11
1042172.528142 1244042.297062 6500.000000 16 11
1042409.404522 1244084.441422 6500.000000 17 11
