# Type: scattered data
# Version: 6
# Description: No description
# Format: free
# Field: 1 x
# Field: 2 y
# Field: 3 z feet
# Field: 4 column
# Field: 5 row
# Projection: Local Rectangular
# Units: meters
# End:
# Information from grid:
# Grid_size: 34 x 13
# Grid_space: 1040982.320436,1038651.380008,1247238.552062,1244870.479475
# Scattered data: Not_available
# Z_field: z
# Vertical_faults: Not_available
# History: No history
# Z_units: feet
1040982.320436 1247238.552062 -0.000000 1 1
1040745.788603 1247223.556951 -0.000000 2 1
1040508.652194 1247215.937350 -0.000000 3 1
1040384.708172 1247216.923134 -0.000000 4 1
1040260.585393 1247220.421741 -0.000000 5 1
1040012.401272 1247228.994077 -0.000000 6 1
1039888.638783 1247231.086129 -0.000000 7 1
1039765.295244 1247229.727652 -0.000000 8 1
1039642.520082 1247223.427810 -0.000000 9 1
1039581.392338 1247217.958990 -0.000000 10 1
1039520.462724 1247210.695763 -0.000000 11 1
1039461.878619 1247201.851807 -0.000000 12 1
1039403.515412 1247191.234921 -0.000000 13 1
1039345.392157 1247178.916253 -0.000000 14 1
1039287.527904 1247164.966950 -0.000000 15 1
1039172.652616 1247132.461029 -0.000000 16 1
1039059.041965 1247094.286337 -0.000000 17 1
1038946.848367 1247051.012053 -0.000000 18 1
1038891.536303 1247027.109705 -0.000000 19 1
1038836.224239 1247003.207356 -0.000000 20 1
1038781.773119 1246977.324391 -0.000000 21 1
1038727.321999 1246951.441425 -0.000000 22 1
1038673.808031 1246923.862432 -0.000000 23 1
1038620.294063 1246896.283439 -0.000000 24 1
1038527.025287 1246844.939418 -0.000000 25 1
1038435.251153 1246791.513617 -0.000000 26 1
1038344.872018 1246736.144819 -0.000000 27 1
1038255.788240 1246678.971811 -0.000000 28 1
1038167.900175 1246620.133378 -0.000000 29 1
1038081.108182 1246559.768305 -0.000000 30 1
1037910.413835 1246435.013383 -0.000000 31 1
1037742.908059 1246305.817328 -0.000000 32 1
1037577.793710 1246173.290422 -0.000000 33 1
1037251.550723 1245902.685194 -0.000000 34 1
1041050.794327 1246963.738223 812.500000 1 2
1040813.831411 1246950.536609 812.500000 2 2
1040576.480524 1246943.714412 812.500000 3 2
1040452.707728 1246944.444257 812.500000 4 2
1040328.818697 1246947.345128 812.500000 5 2
1040081.067516 1246954.523377 812.500000 6 2
1039957.393158 1246956.232467 812.500000 7 2
1039833.978148 1246954.976007 812.500000 8 2
1039710.916382 1246949.469855 812.500000 9 2
1039649.547309 1246944.721850 812.500000 10 2
1039588.301757 1246938.429867 812.500000 11 2
1039529.495818 1246930.799210 812.500000 12 2
1039470.840481 1246921.635810 812.500000 13 2
1039412.461751 1246910.264544 812.500000 14 2
1039354.083020 1246898.893278 812.500000 15 2
1039238.232189 1246870.567259 812.500000 16 2
1039123.490800 1246837.022743 812.500000 17 2
1039010.061669 1246798.624719 812.500000 18 2
1038954.104639 1246777.181447 812.500000 19 2
1038898.147610 1246755.738176 812.500000 20 2
1038843.049523 1246732.233139 812.500000 21 2
1038787.951436 1246708.728103 812.500000 22 2
1038733.813700 1246683.343796 812.500000 23 2
1038679.675963 1246657.959490 812.500000 24 2
1038595.241504 1246615.240018 812.500000 25 2
1038512.060179 1246570.517935 812.500000 26 2
1038430.048446 1246523.926748 812.500000 27 2
1038349.122762 1246475.599963 812.500000 28 2
1038269.199586 1246425.671090 812.500000 29 2
1038190.195374 1246374.273634 812.500000 30 2
1038034.609677 1246267.607007 812.500000 31 2
1037881.697333 1246156.668142 812.500000 32 2
1037730.790003 1246042.525098 812.500000 33 2
1037432.317035 1245808.898712 812.500000 34 2
1041119.268218 1246688.924383 1625.000000 1 3
1040881.890081 1246677.524180 1625.000000 2 3
1040644.308854 1246671.491474 1625.000000 3 3
1040520.681336 1246671.951899 1625.000000 4 3
1040396.990799 1246674.238654 1625.000000 5 3
1040149.607571 1246679.994858 1625.000000 6 3
1040026.008330 1246681.316159 1625.000000 7 3
1039902.532969 1246680.167495 1625.000000 8 3
1039779.228215 1246675.474790 1625.000000 9 3
1039717.684503 1246670.819380 1625.000000 10 3
1039656.140791 1246666.163971 1625.000000 11 3
1039597.138084 1246659.107852 1625.000000 12 3
1039538.135377 1246652.051733 1625.000000 13 3
1039479.374435 1246642.447919 1625.000000 14 3
1039420.613493 1246632.844106 1625.000000 15 3
1039303.814809 1246608.702524 1625.000000 16 3
1039187.978996 1246579.788422 1625.000000 17 3
1039073.345725 1246546.263238 1625.000000 18 3
1039016.750195 1246527.275822 1625.000000 19 3
1038960.154665 1246508.288406 1625.000000 20 3
1038904.400077 1246487.156883 1625.000000 21 3
1038848.645488 1246466.025361 1625.000000 22 3
1038793.851676 1246442.830451 1625.000000 23 3
1038739.057864 1246419.635540 1625.000000 24 3
1038663.495306 1246384.757828 1625.000000 25 3
1038588.928163 1246348.053763 1625.000000 26 3
1038515.290073 1246309.645101 1625.000000 27 3
1038442.514675 1246269.653600 1625.000000 28 3
1038370.535609 1246228.201017 1625.000000 29 3
1038299.286513 1246185.409108 1625.000000 30 3
1038158.712790 1246096.294341 1625.000000 31 3
1038020.262617 1246003.283354 1625.000000 32 3
1037883.405107 1245907.350202 1625.000000 33 3
1037612.344525 1245710.613624 1625.000000 34 3
1041153.505163 1246551.517463 2031.250000 1 4
1040915.925680 1246541.020180 2031.250000 2 4
1040678.223020 1246535.380004 2031.250000 3 4
1040554.657856 1246535.702077 2031.250000 4 4
1040431.052639 1246537.677482 2031.250000 5 4
1040183.827769 1246542.715511 2031.250000 6 4
1040060.260974 1246543.841748 2031.250000 7 4
1039936.759846 1246542.748541 2031.250000 8 4
1039813.350814 1246538.467697 2031.250000 9 4
1039751.705561 1246534.249360 2031.250000 10 4
1039690.060308 1246530.031023 2031.250000 11 4
1039630.916355 1246523.646923 2031.250000 12 4
1039571.772402 1246517.262823 2031.250000 13 4
1039512.821818 1246508.543465 2031.250000 14 4
1039453.871234 1246499.824107 2031.250000 15 4
1039336.609716 1246477.774921 2031.250000 16 4
1039220.240760 1246451.175311 2031.250000 17 4
1039105.017280 1246420.085325 2031.250000 18 4
1039048.104734 1246402.325166 2031.250000 19 4
1038991.192187 1246384.565007 2031.250000 20 4
1038935.105291 1246364.619706 2031.250000 21 4
1038879.018394 1246344.674405 2031.250000 22 4
1038823.883604 1246322.573985 2031.250000 23 4
1038768.748814 1246300.473566 2031.250000 24 4
1038697.574889 1246269.194727 2031.250000 25 4
1038627.270532 1246236.202576 2031.250000 26 4
1038557.777772 1246201.611333 2031.250000 27 4
1038489.038638 1246165.535218 2031.250000 28 4
1038421.314000 1246127.460238 2031.250000 29 4
1038353.589362 1246089.385257 2031.250000 30 4
1038220.458933 1246008.666462 2031.250000 31 4
1038089.183584 1245924.292600 2031.250000 32 4
1037959.299543 1245837.177436 2031.250000 33 4
1037701.850310 1245658.378273 2031.250000 34 4
1041187.742109 1246414.110543 2437.500000 1 5
1040949.965475 1246404.517393 2437.500000 2 5
1040712.137185 1246399.268535 2437.500000 3 5
1040588.627499 1246399.450326 2437.500000 4 5
1040465.098298 1246401.112173 2437.500000 5 5
1040218.014674 1246405.428439 2437.500000 6 5
1040094.476914 1246406.359059 2437.500000 7 5
1039970.952965 1246405.322138 2437.500000 8 5
1039847.451158 1246401.455776 2437.500000 9 5
1039785.715491 1246397.676925 2437.500000 10 5
1039723.979825 1246393.898074 2437.500000 11 5
1039664.690904 1246388.186962 2437.500000 12 5
1039605.401983 1246382.475849 2437.500000 13 5
1039546.262405 1246374.641564 2437.500000 14 5
1039487.122827 1246366.807278 2437.500000 15 5
1039369.405204 1246346.851094 2437.500000 16 5
1039252.511963 1246322.566028 2437.500000 17 5
1039136.705950 1246293.910812 2437.500000 18 5
1039079.477983 1246277.377496 2437.500000 19 5
1039022.250015 1246260.844180 2437.500000 20 5
1038965.828509 1246242.084521 2437.500000 21 5
1038909.407004 1246223.324862 2437.500000 22 5
1038853.923384 1246202.318226 2437.500000 23 5
1038798.439765 1246181.311591 2437.500000 24 5
1038731.593671 1246153.404207 2437.500000 25 5
1038665.497481 1246123.906555 2437.500000 26 5
1038600.101201 1246092.924652 2437.500000 27 5
1038535.354838 1246060.564517 2437.500000 28 5
1038471.483362 1246026.349070 2437.500000 29 5
1038407.611887 1245992.133622 2437.500000 30 5
1038281.868679 1245919.462012 2437.500000 31 5
1038157.725267 1245843.397829 2437.500000 32 5
1038034.781701 1245764.789218 2437.500000 33 5
1037790.894312 1245603.331280 2437.500000 34 5
1041221.979054 1246276.703624 2843.750000 1 6
1040984.009339 1246268.015838 2843.750000 2 6
1040746.051350 1246263.157066 2843.750000 3 6
1040622.589846 1246263.849872 2843.750000 4 6
1040499.128343 1246264.542679 2843.750000 5 6
1040252.169441 1246268.133559 2843.750000 6 6
1040128.657419 1246268.868006 2843.750000 7 6
1040005.113491 1246267.888208 2843.750000 8 6
1039881.530013 1246264.438977 2843.750000 9 6
1039819.714677 1246261.102052 2843.750000 10 6
1039757.899341 1246257.765126 2843.750000 11 6
1039698.461046 1246252.728792 2843.750000 12 6
1039639.022751 1246247.692458 2843.750000 13 6
1039579.694010 1246240.744973 2843.750000 14 6
1039520.365268 1246233.797488 2843.750000 15 6
1039402.196699 1246215.937184 2843.750000 16 6
1039284.786847 1246193.968518 2843.750000 17 6
1039168.405518 1246167.748458 2843.750000 18 6
1039110.864017 1246152.441216 2843.750000 19 6
1039053.322516 1246137.133975 2843.750000 20 6
1038996.565082 1246119.558006 2843.750000 21 6
1038939.807647 1246101.982038 2843.750000 22 6
1038883.969181 1246082.065827 2843.750000 23 6
1038828.130715 1246062.149616 2843.750000 24 6
1038765.532688 1246037.377257 2843.750000 25 6
1038703.573636 1246011.142621 2843.750000 26 6
1038642.210960 1245983.543194 2843.750000 27 6
1038581.402061 1245954.676459 2843.750000 28 6
1038521.338633 1245924.103735 2843.750000 29 6
1038461.275205 1245893.531011 2843.750000 30 6
1038342.852281 1245828.486158 2843.750000 31 6
1038225.792502 1245760.321781 2843.750000 32 6
1038109.755082 1245689.817761 2843.750000 33 6
1037879.384175 1245544.910316 2843.750000 34 6
1041256.216000 1246139.296704 3250.000000 1 7
1041018.056988 1246131.515850 3250.000000 2 7
1040779.965515 1246127.045597 3250.000000 3 7
1040656.554758 1246127.506608 3250.000000 4 7
1040533.144001 1246127.967619 3250.000000 5 7
1040286.294541 1246130.828109 3250.000000 6 7
1040162.805196 1246131.365568 3250.000000 7 7
1040039.243903 1246130.443989 3250.000000 8 7
1039915.589009 1246127.415488 3250.000000 9 7
1039853.703933 1246124.523833 3250.000000 10 7
1039791.818858 1246121.632178 3250.000000 11 7
1039732.225532 1246117.274512 3250.000000 12 7
1039672.632205 1246112.916846 3250.000000 13 7
1039613.112665 1246106.860468 3250.000000 14 7
1039553.593124 1246100.804091 3250.000000 15 7
1039434.975971 1246085.047590 3250.000000 16 7
1039317.055105 1246065.401022 3250.000000 17 7
1039200.104884 1246041.618065 3250.000000 18 7
1039142.252275 1246027.535231 3250.000000 19 7
1039084.399665 1246013.452397 3250.000000 20 7
1039027.306736 1245997.055047 3250.000000 21 7
1038970.213806 1245980.657697 3250.000000 22 7
1038914.017736 1245961.822669 3250.000000 23 7
1038857.821665 1245942.987642 3250.000000 24 7
1038799.375804 1245921.104501 3250.000000 25 7
1038741.468729 1245897.887033 3250.000000 26 7
1038684.297995 1245872.845986 3250.000000 27 7
1038627.127261 1245847.804939 3250.000000 28 7
1038570.818585 1245820.628969 3250.000000 29 7
1038514.509908 1245793.452999 3250.000000 30 7
1038403.329319 1245735.542855 3250.000000 31 7
1038293.298141 1245674.786148 3250.000000 32 7
1038184.129020 1245611.894518 3250.000000 33 7
1037967.227542 1245482.553053 3250.000000 34 7
1041290.452945 1246001.889784 3656.250000 1 8
1041052.108094 1245995.017959 3656.250000 2 8
1040813.879680 1245990.934128 3656.250000 3 8
1040690.513184 1245991.159464 3656.250000 4 8
1040567.146688 1245991.384800 3656.250000 5 8
1040320.392828 1245993.507699 3656.250000 6 8
1040196.869948 1245993.246394 3656.250000 7 8
1040073.347068 1245992.985088 3656.250000 8 8
1039949.630028 1245990.382423 3656.250000 9 8
1039887.684201 1245987.940827 3656.250000 10 8
1039825.738375 1245985.499230 3656.250000 11 8
1039765.982979 1245981.827006 3656.250000 12 8
1039706.227584 1245978.154781 3656.250000 13 8
1039646.513989 1245972.997305 3656.250000 14 8
1039586.800395 1245967.839830 3656.250000 15 8
1039467.733946 1245954.201807 3656.250000 16 8
1039349.305375 1245936.888141 3656.250000 17 8
1039231.791818 1245915.546265 3656.250000 18 8
1039173.631117 1245902.684935 3656.250000 19 8
1039115.470415 1245889.823606 3656.250000 20 8
1039058.044358 1245874.595602 3656.250000 21 8
1039000.618301 1245859.367597 3656.250000 22 8
1038943.829834 1245842.254408 3656.250000 23 8
1038887.512616 1245823.825667 3656.250000 24 8
1038833.339442 1245803.976797 3656.250000 25 8
1038779.166268 1245784.127928 3656.250000 26 8
1038725.833619 1245762.020080 3656.250000 27 8
1038672.500971 1245739.912232 3656.250000 28 8
1038619.888773 1245715.868117 3656.250000 29 8
1038567.276575 1245691.824002 3656.250000 30 8
1038463.252930 1245640.508661 3656.250000 31 8
1038360.189885 1245586.611630 3656.250000 32 8
1038257.847290 1245530.778331 3656.250000 33 8
1038054.362852 1245415.884623 3656.250000 34 8
1041324.689891 1245864.482864 4062.500000 1 9
1041086.162809 1245858.521827 4062.500000 2 9
1040847.793845 1245854.822658 4062.500000 3 9
1040724.464815 1245854.809172 4062.500000 4 9
1040601.135785 1245854.795685 4062.500000 5 9
1040354.463070 1245856.175279 4062.500000 6 9
1040230.942412 1245855.844874 4062.500000 7 9
1040107.421754 1245855.514469 4062.500000 8 9
1039983.652263 1245853.341733 4062.500000 9 9
1039921.655077 1245851.354008 4062.500000 10 9
1039859.657892 1245849.366282 4062.500000 11 9
1039799.733990 1245846.385700 4062.500000 12 9
1039739.810088 1245843.405119 4062.500000 13 9
1039679.899851 1245839.153851 4062.500000 14 9
1039619.989614 1245834.902583 4062.500000 15 9
1039500.474378 1245823.396982 4062.500000 16 9
1039381.542289 1245808.426620 4062.500000 17 9
1039263.471255 1245789.529805 4062.500000 18 9
1039205.005219 1245777.887323 4062.500000 19 9
1039146.539184 1245766.244841 4062.500000 20 9
1039088.587106 1245752.812524 4062.500000 21 9
1039031.023985 1245738.110035 4062.500000 22 9
1038973.884559 1245722.079661 4062.500000 23 9
1038917.203566 1245704.663692 4062.500000 24 9
1038866.944667 1245687.285394 4062.500000 25 9
1038816.685767 1245669.907096 4062.500000 26 9
1038767.121629 1245650.495522 4062.500000 27 9
1038717.557492 1245631.083948 4062.500000 28 9
1038668.588865 1245609.929565 4062.500000 29 9
1038619.620237 1245588.775182 4062.500000 30 9
1038522.675500 1245543.561737 4062.500000 31 9
1038426.524776 1245496.024547 4062.500000 32 9
1038330.969562 1245446.744549 4062.500000 33 9
1038140.851652 1245345.279872 4062.500000 34 9
1041358.926836 1245727.075944 4468.750000 1 10
1041120.221532 1245722.026513 4468.750000 2 10
1040881.708010 1245718.711189 4468.750000 3 10
1040758.406504 1245718.743105 4468.750000 4 10
1040635.104998 1245718.775021 4468.750000 5 10
1040388.501986 1245718.838852 4468.750000 6 10
1040264.983332 1245718.439505 4468.750000 7 10
1040141.464678 1245718.040158 4468.750000 8 10
1040017.653559 1245716.298690 4468.750000 9 10
1039955.615484 1245714.766012 4468.750000 10 10
1039893.577409 1245713.233334 4468.750000 11 10
1039833.480191 1245710.947627 4468.750000 12 10
1039773.382973 1245708.661920 4468.750000 13 10
1039713.275354 1245705.320917 4468.750000 14 10
1039653.167735 1245701.979913 4468.750000 15 10
1039533.207677 1245692.614748 4468.750000 16 10
1039413.778783 1245679.993857 4468.750000 17 10
1039295.157037 1245663.544675 4468.750000 18 10
1039236.387729 1245653.119655 4468.750000 19 10
1039177.618421 1245642.694635 4468.750000 20 10
1039119.341533 1245630.440367 4468.750000 21 10
1039061.438920 1245616.871171 4468.750000 22 10
1039003.945082 1245601.915479 4468.750000 23 10
1038946.894516 1245585.501718 4468.750000 24 10
1038900.473805 1245570.391109 4468.750000 25 10
1038854.053094 1245555.280500 4468.750000 26 10
1038808.197962 1245538.359121 4468.750000 27 10
1038762.342830 1245521.437741 4468.750000 28 10
1038716.972481 1245502.964272 4468.750000 29 10
1038671.602131 1245484.490804 4468.750000 30 10
1038581.669403 1245444.957051 4468.750000 31 10
1038492.383051 1245403.353847 4468.750000 32 10
1038403.581481 1245360.198553 4468.750000 33 10
1038226.786313 1245271.301150 4468.750000 34 10
1041393.163782 1245589.669025 4875.000000 1 11
1041154.392978 1245586.134372 4875.000000 2 11
1040915.622175 1245582.599720 4875.000000 3 11
1040792.342869 1245582.327649 4875.000000 4 11
1040669.063562 1245582.055578 4875.000000 5 11
1040422.504950 1245581.511437 4875.000000 6 11
1040298.988080 1245581.043323 4875.000000 7 11
1040175.471210 1245580.575209 4875.000000 8 11
1040051.484068 1245578.837797 4875.000000 9 11
1039989.490497 1245577.969091 4875.000000 10 11
1039927.496926 1245577.100386 4875.000000 11 11
1039867.223918 1245575.507400 4875.000000 12 11
1039806.950911 1245573.914414 4875.000000 13 11
1039746.647839 1245571.481693 4875.000000 14 11
1039686.344767 1245569.048972 4875.000000 15 11
1039565.948857 1245561.821065 4875.000000 16 11
1039446.033542 1245551.547699 4875.000000 17 11
1039326.869184 1245537.545879 4875.000000 18 11
1039267.797664 1245528.339244 4875.000000 19 11
1039208.726144 1245519.132609 4875.000000 20 11
1039150.122107 1245508.058245 4875.000000 21 11
1039091.874785 1245495.624896 4875.000000 22 11
1039034.017973 1245481.747186 4875.000000 23 11
1038976.585467 1245466.339743 4875.000000 24 11
1038933.938397 1245453.322715 4875.000000 25 11
1038891.291328 1245440.305687 4875.000000 26 11
1038849.094929 1245425.699747 4875.000000 27 11
1038806.898531 1245411.093806 4875.000000 28 11
1038765.088421 1245395.125940 4875.000000 29 11
1038723.278312 1245379.158074 4875.000000 30 11
1038640.301909 1245344.952467 4875.000000 31 11
1038557.840559 1245308.930959 4875.000000 32 11
1038475.765497 1245271.547526 4875.000000 33 11
1038312.259191 1245194.510785 4875.000000 34 11
1041461.637673 1245314.855185 5687.500000 1 12
1041222.544089 1245312.615983 5687.500000 2 12
1040983.450505 1245310.376782 5687.500000 3 12
1040860.181673 1245309.527772 5687.500000 4 12
1040736.912841 1245308.678762 5687.500000 5 12
1040490.375177 1245306.980742 5687.500000 6 12
1040366.615372 1245306.444179 5687.500000 7 12
1040242.855568 1245305.907616 5687.500000 8 12
1040119.095764 1245305.371053 5687.500000 9 12
1040057.215861 1245305.102771 5687.500000 10 12
1039995.335959 1245304.834489 5687.500000 11 12
1039934.691139 1245304.369924 5687.500000 12 12
1039874.046318 1245303.905359 5687.500000 13 12
1039813.401498 1245303.440794 5687.500000 14 12
1039752.756678 1245302.976229 5687.500000 15 12
1039631.546698 1245299.920629 5687.500000 16 12
1039510.712291 1245294.268645 5687.500000 17 12
1039390.495306 1245285.136224 5687.500000 18 12
1039330.693924 1245278.988582 5687.500000 19 12
1039271.137591 1245271.639310 5687.500000 20 12
1039211.856538 1245262.977903 5687.500000 21 12
1039152.880995 1245252.893852 5687.500000 22 12
1039094.241195 1245241.276651 5687.500000 23 12
1039035.967368 1245228.015794 5687.500000 24 12
1039000.712438 1245218.786634 5687.500000 25 12
1038965.457508 1245209.557474 5687.500000 26 12
1038930.460092 1245199.188195 5687.500000 27 12
1038895.462676 1245188.818915 5687.500000 28 12
1038860.685985 1245177.472390 5687.500000 29 12
1038825.909295 1245166.125865 5687.500000 30 12
1038756.723790 1245141.804072 5687.500000 31 12
1038687.942948 1245115.690662 5687.500000 32 12
1038619.162107 1245089.577252 5687.500000 33 12
1038482.189025 1245034.744444 5687.500000 34 12
1041530.111564 1245040.041346 6500.000000 1 13
1041290.695199 1245039.097594 6500.000000 2 13
1041051.278835 1245038.153843 6500.000000 3 13
1040927.957983 1245036.857672 6500.000000 4 13
1040804.637131 1245035.561500 6500.000000 5 13
1040557.995426 1245032.969157 6500.000000 6 13
1040434.483390 1245032.228427 6500.000000 7 13
1040310.971355 1245031.487697 6500.000000 8 13
1040187.073174 1245032.028145 6500.000000 9 13
1040125.124083 1245032.298369 6500.000000 10 13
1040063.174993 1245032.568593 6500.000000 11 13
1040002.231125 1245033.402567 6500.000000 12 13
1039941.287258 1245034.236542 6500.000000 13 13
1039880.343390 1245035.070516 6500.000000 14 13
1039819.399523 1245035.904490 6500.000000 15 13
1039697.530041 1245036.523622 6500.000000 16 13
1039575.905533 1245035.128899 6500.000000 17 13
1039454.700599 1245030.734342 6500.000000 18 13
1039394.395220 1245026.544155 6500.000000 19 13
1039334.089842 1245022.353968 6500.000000 20 13
1039274.061843 1245016.360981 6500.000000 21 13
1039214.247864 1245009.001796 6500.000000 22 13
1039154.669731 1245000.153166 6500.000000 23 13
1039095.349268 1244989.691844 6500.000000 24 13
1039067.325862 1244983.951119 6500.000000 25 13
1039039.302456 1244978.210393 6500.000000 26 13
1039011.389181 1244971.785649 6500.000000 27 13
1038983.475906 1244965.360904 6500.000000 28 13
1038955.696362 1244958.105565 6500.000000 29 13
1038927.916817 1244950.850226 6500.000000 30 13
1038872.357727 1244936.339548 6500.000000 31 13
1038817.050366 1244920.265398 6500.000000 32 13
1038761.743004 1244904.191248 6500.000000 33 13
1038651.380008 1244870.479475 6500.000000 34 13
