# Type: scattered data
# Version: 6
# Description: No description
# Format: free
# Field: 1 x
# Field: 2 y
# Field: 3 z feet
# Field: 4 column
# Field: 5 row
# Projection: Local Rectangular
# Units: meters
# End:
# Information from grid:
# Grid_size: 20 x 15
# Grid_space: 1036925.020724,1041638.966306,1247124.098036,1246008.331450
# Scattered data: Not_available
# Z_field: z
# Vertical_faults: Not_available
# History: No history
# Z_units: feet
1036925.020724 1247124.098036 -0.000000 1 1
1037624.233974 1247468.250401 -0.000000 2 1
1038326.466823 1247803.200169 -0.000000 3 1
1038554.446198 1247907.825073 -0.000000 4 1
1038782.425574 1248012.449977 -0.000000 5 1
1039239.200992 1248224.792452 -0.000000 6 1
1039466.568766 1248333.470591 -0.000000 7 1
1039580.704326 1248386.763707 -0.000000 8 1
1039695.425653 1248438.115610 -0.000000 9 1
1039810.946235 1248486.593364 -0.000000 10 1
1039927.479558 1248531.264038 -0.000000 11 1
1040045.239111 1248571.194697 -0.000000 12 1
1040164.438382 1248605.452407 -0.000000 13 1
1040281.830127 1248632.703655 -0.000000 14 1
1040400.588849 1248654.492733 -0.000000 15 1
1040520.519265 1248671.599951 -0.000000 16 1
1040641.426094 1248684.805619 -0.000000 17 1
1040763.114052 1248694.890046 -0.000000 18 1
1040885.387858 1248702.633544 -0.000000 19 1
1041130.911882 1248714.218988 -0.000000 20 1
1037166.489240 1247000.336494 812.500000 1 2
1037768.836572 1247279.069902 812.500000 2 2
1038374.279411 1247548.551295 812.500000 3 2
1038603.655629 1247645.356404 812.500000 4 2
1038833.031846 1247742.161513 812.500000 5 2
1039293.240965 1247936.976655 812.500000 6 2
1039522.737318 1248036.712884 812.500000 7 2
1039637.877453 1248085.582438 812.500000 8 2
1039753.517203 1248132.614222 812.500000 9 2
1039869.835298 1248176.929188 812.500000 10 2
1039987.010469 1248217.648289 812.500000 11 2
1040105.221448 1248253.892477 812.500000 12 2
1040224.646967 1248284.782705 812.500000 13 2
1040342.943094 1248309.269690 812.500000 14 2
1040462.409357 1248328.521898 812.500000 15 2
1040582.878592 1248343.287155 812.500000 16 2
1040704.183637 1248354.313285 812.500000 17 2
1040826.157332 1248362.348114 812.500000 18 2
1040948.632512 1248368.139466 812.500000 19 2
1041194.418685 1248375.983046 812.500000 20 2
1037285.534174 1246936.491296 1218.750000 1 3
1037840.494568 1247183.063352 1218.750000 2 3
1038398.185705 1247421.226858 1218.750000 3 3
1038628.704517 1247514.187332 1218.750000 4 3
1038859.223328 1247607.147807 1218.750000 5 3
1039320.260951 1247793.068756 1218.750000 6 3
1039550.794305 1247888.357275 1218.750000 7 3
1039666.428837 1247935.016873 1218.750000 8 3
1039782.524313 1247979.886017 1218.750000 9 3
1039899.242514 1248022.114197 1218.750000 10 3
1040016.745218 1248060.850904 1218.750000 11 3
1040135.194207 1248095.245626 1218.750000 12 3
1040254.751260 1248124.447854 1218.750000 13 3
1040373.493286 1248147.530274 1218.750000 14 3
1040493.309543 1248165.500587 1218.750000 15 3
1040614.046570 1248179.089094 1218.750000 16 3
1040735.550904 1248189.026096 1218.750000 17 3
1040857.669084 1248196.041894 1218.750000 18 3
1040980.247649 1248200.866789 1218.750000 19 3
1041226.172086 1248206.865075 1218.750000 20 3
1037402.551926 1246870.288769 1625.000000 1 4
1037911.210748 1247085.689817 1625.000000 2 4
1038422.091999 1247293.902421 1625.000000 3 4
1038653.389234 1247382.717030 1625.000000 4 4
1038884.686468 1247471.531639 1625.000000 5 4
1039347.280937 1247649.160858 1625.000000 6 4
1039578.831642 1247740.023601 1625.000000 7 4
1039694.955110 1247784.475285 1625.000000 8 4
1039811.504053 1247827.179715 1625.000000 9 4
1039928.623519 1247867.316298 1625.000000 10 4
1040046.458559 1247904.064437 1625.000000 11 4
1040165.154220 1247936.603537 1625.000000 12 4
1040284.855552 1247964.113003 1625.000000 13 4
1040404.038880 1247985.775113 1625.000000 14 4
1040524.202373 1248002.454084 1625.000000 15 4
1040645.206008 1248014.861793 1625.000000 16 4
1040766.909762 1248023.710117 1625.000000 17 4
1040889.173611 1248029.710933 1625.000000 18 4
1041011.857530 1248033.576118 1625.000000 19 4
1041257.925488 1248037.747104 1625.000000 20 4
1037516.866767 1246800.943136 2031.250000 1 5
1037980.603726 1246986.637697 2031.250000 2 5
1038445.998293 1247166.577984 2031.250000 3 5
1038678.073951 1247251.246728 2031.250000 4 5
1038910.149609 1247335.915472 2031.250000 5 5
1039374.300924 1247505.252960 2031.250000 6 5
1039606.848916 1247591.716590 2031.250000 7 5
1039723.455787 1247633.963007 2031.250000 8 5
1039840.455940 1247674.500392 2031.250000 9 5
1039957.977898 1247712.539673 2031.250000 10 5
1040076.150186 1247747.291776 2031.250000 11 5
1040195.101327 1247777.967627 2031.250000 12 5
1040314.959845 1247803.778152 2031.250000 13 5
1040434.579466 1247824.003673 2031.250000 14 5
1040555.087190 1247839.381534 2031.250000 15 5
1040676.356147 1247850.604259 2031.250000 16 5
1040798.259464 1247858.364370 2031.250000 17 5
1040920.670268 1247863.354390 2031.250000 18 5
1041043.461688 1247866.266842 2031.250000 19 5
1041289.678889 1247868.629132 2031.250000 20 5
1037627.802970 1246727.668620 2437.500000 1 6
1038048.297549 1246885.596153 2437.500000 2 6
1038469.904588 1247039.253547 2437.500000 3 6
1038702.758668 1247119.776425 2437.500000 4 6
1038935.612749 1247200.299304 2437.500000 5 6
1039401.320910 1247361.345061 2437.500000 6 6
1039634.846884 1247443.439237 2437.500000 7 6
1039751.931695 1247483.483442 2437.500000 8 6
1039869.380728 1247521.851315 2437.500000 9 6
1039987.306235 1247557.787046 2437.500000 10 6
1040105.820470 1247590.534826 2437.500000 11 6
1040225.035686 1247619.338848 2437.500000 12 6
1040345.064138 1247643.443301 2437.500000 13 6
1040465.114430 1247662.215777 2437.500000 14 6
1040585.963013 1247676.282656 2437.500000 15 6
1040707.495845 1247686.316165 2437.500000 16 6
1040829.598885 1247692.988533 2437.500000 17 6
1040952.158091 1247696.971989 2437.500000 18 6
1041075.059422 1247698.938760 2437.500000 19 6
1041321.432291 1247699.511161 2437.500000 20 6
1037734.684807 1246649.679444 2843.750000 1 7
1038113.923966 1246782.251248 2843.750000 2 7
1038493.810882 1246911.929110 2843.750000 3 7
1038727.443385 1246988.306123 2843.750000 4 7
1038961.075889 1247064.683136 2843.750000 5 7
1039428.340897 1247217.437163 2843.750000 6 7
1039662.828244 1247295.189982 2843.750000 7 7
1039780.385826 1247333.034922 2843.750000 8 7
1039898.281200 1247369.230999 2843.750000 9 7
1040016.610758 1247403.057302 2843.750000 10 7
1040135.470889 1247433.792919 2843.750000 11 7
1040254.957983 1247460.716939 2843.750000 12 7
1040375.168430 1247483.108450 2843.750000 13 7
1040495.642808 1247500.412150 2843.750000 14 7
1040616.828297 1247513.158607 2843.750000 15 7
1040738.623311 1247521.998856 2843.750000 16 7
1040860.926263 1247527.583931 2843.750000 17 7
1040983.635564 1247530.564867 2843.750000 18 7
1041106.649628 1247531.592699 2843.750000 19 7
1041353.185692 1247530.393190 2843.750000 20 7
1037836.836551 1246566.189833 3250.000000 1 8
1038177.124255 1246676.281603 3250.000000 2 8
1038517.717176 1246784.604673 3250.000000 3 8
1038752.128103 1246856.835820 3250.000000 4 8
1038986.539029 1246929.066968 3250.000000 5 8
1039455.360883 1247073.529264 3250.000000 6 8
1039690.798580 1247146.957880 3250.000000 7 8
1039808.824391 1247182.605312 3250.000000 8 8
1039927.163166 1247216.628156 3250.000000 9 8
1040045.896145 1247248.341409 3250.000000 10 8
1040165.104570 1247277.060069 3250.000000 11 8
1040284.869682 1247302.099134 3250.000000 12 8
1040405.272723 1247322.773600 3250.000000 13 8
1040526.163099 1247338.595349 3250.000000 14 8
1040647.680644 1247350.013480 3250.000000 15 8
1040769.735761 1247357.657080 3250.000000 16 8
1040892.238855 1247362.155238 3250.000000 17 8
1041015.100330 1247364.137043 3250.000000 18 8
1041138.230592 1247364.231582 3250.000000 19 8
1041384.939094 1247361.275219 3250.000000 20 8
1037933.807738 1246476.675918 3656.250000 1 9
1038237.715604 1246566.978077 3656.250000 2 9
1038541.623470 1246657.280235 3656.250000 3 9
1038776.812820 1246725.365518 3656.250000 4 9
1039012.002170 1246793.450801 3656.250000 5 9
1039482.380869 1246929.621366 3656.250000 6 9
1039718.765482 1246998.721494 3656.250000 7 9
1039837.255844 1247032.170788 3656.250000 8 9
1039956.034535 1247064.020540 3656.250000 9 9
1040075.168778 1247093.621483 3656.250000 10 9
1040194.725792 1247120.324345 3656.250000 11 9
1040314.772797 1247143.479857 3656.250000 12 9
1040435.377015 1247162.438749 3656.250000 13 9
1040556.673435 1247176.770001 3656.250000 14 9
1040678.517060 1247186.854677 3656.250000 15 9
1040800.829720 1247193.299432 3656.250000 16 9
1040923.533241 1247196.710917 3656.250000 17 9
1041046.549451 1247197.695788 3656.250000 18 9
1041169.800179 1247196.860697 3656.250000 19 9
1041416.692495 1247192.157248 3656.250000 20 9
1038026.048810 1246381.661582 4062.500000 1 10
1038295.789287 1246455.808690 4062.500000 2 10
1038565.529764 1246529.955798 4062.500000 3 10
1038801.497537 1246593.895216 4062.500000 4 10
1039037.465310 1246657.834633 4062.500000 5 10
1039509.400856 1246785.713468 4062.500000 6 10
1039746.731572 1246850.469959 4062.500000 7 10
1039865.683105 1246881.719294 4062.500000 8 10
1039984.898046 1246911.396923 4062.500000 9 10
1040104.430868 1246938.888522 4062.500000 10 10
1040224.336038 1246963.579767 4062.500000 11 10
1040344.668029 1246984.856334 4062.500000 12 10
1040465.481308 1247002.103898 4062.500000 13 10
1040587.172903 1247014.938803 4062.500000 14 10
1040709.336090 1247023.686516 4062.500000 15 10
1040831.903498 1247028.930919 4062.500000 16 10
1040954.807756 1247031.255899 4062.500000 17 10
1041077.981496 1247031.245340 4062.500000 18 10
1041201.357346 1247029.483127 4062.500000 19 10
1041448.445897 1247023.039277 4062.500000 20 10
1038114.235516 1246281.932586 4468.750000 1 11
1038351.835787 1246342.281974 4468.750000 2 11
1038589.436058 1246402.631361 4468.750000 3 11
1038826.182254 1246462.424913 4468.750000 4 11
1039062.928450 1246522.218465 4468.750000 5 11
1039536.420842 1246641.805569 4468.750000 6 11
1039774.696880 1246702.199032 4468.750000 7 11
1039894.106213 1246731.246153 4468.750000 8 11
1040013.753742 1246758.752979 4468.750000 9 11
1040133.682455 1246784.139097 4468.750000 10 11
1040253.935343 1246806.824091 4468.750000 11 11
1040374.555395 1246826.227546 4468.750000 12 11
1040495.585601 1246841.769047 4468.750000 13 11
1040617.661119 1246853.103237 4468.750000 14 11
1040740.137115 1246860.511363 4468.750000 15 11
1040862.956378 1246864.554293 4468.750000 16 11
1040986.061696 1246865.792893 4468.750000 17 11
1041109.395858 1246864.788027 4468.750000 18 11
1041232.901653 1246862.100564 4468.750000 19 11
1041480.199298 1246853.921305 4468.750000 20 11
1038199.043585 1246178.274708 4875.000000 1 12
1038406.192969 1246226.790816 4875.000000 2 12
1038613.342353 1246275.306924 4875.000000 3 12
1038850.866972 1246330.954611 4875.000000 4 12
1039088.391591 1246386.602298 4875.000000 5 12
1039563.440828 1246497.897671 4875.000000 6 12
1039802.659809 1246553.910310 4875.000000 7 12
1039922.523398 1246580.753189 4875.000000 8 12
1040042.599971 1246606.090474 4875.000000 9 12
1040162.922218 1246629.374692 4875.000000 10 12
1040283.522828 1246650.058367 4875.000000 11 12
1040404.434490 1246667.594027 4875.000000 12 12
1040525.689893 1246681.434196 4875.000000 13 12
1040648.138046 1246691.263691 4875.000000 14 12
1040770.920078 1246697.329845 4875.000000 15 12
1040893.988292 1246700.170278 4875.000000 16 12
1041017.294992 1246700.322610 4875.000000 17 12
1041140.792479 1246698.324462 4875.000000 18 12
1041264.433058 1246694.713453 4875.000000 19 12
1041511.952700 1246684.803334 4875.000000 20 12
1038281.148743 1246071.473724 5281.250000 1 13
1038459.198695 1246109.728106 5281.250000 2 13
1038637.248647 1246147.982487 5281.250000 3 13
1038875.551689 1246199.484309 5281.250000 4 13
1039113.854731 1246250.986130 5281.250000 5 13
1039590.460815 1246353.989772 5281.250000 6 13
1039830.616362 1246405.617513 5281.250000 7 13
1039950.930214 1246430.255738 5281.250000 8 13
1040071.432583 1246453.423829 5281.250000 9 13
1040192.146817 1246474.607012 5281.250000 10 13
1040313.096263 1246493.290510 5281.250000 11 13
1040434.304270 1246508.959546 5281.250000 12 13
1040555.794186 1246521.099345 5281.250000 13 13
1040678.604151 1246529.418238 5281.250000 14 13
1040801.685726 1246534.138874 5281.250000 15 13
1040925.000110 1246535.775291 5281.250000 16 13
1041048.508500 1246534.841525 5281.250000 17 13
1041172.172095 1246531.851613 5281.250000 18 13
1041295.952095 1246527.319590 5281.250000 19 13
1041543.706101 1246515.685363 5281.250000 20 13
1038361.226718 1245962.315410 5687.500000 1 14
1038511.190830 1245991.486730 5687.500000 2 14
1038661.154941 1246020.658050 5687.500000 3 14
1038900.236406 1246068.014006 5687.500000 4 14
1039139.317871 1246115.369962 5687.500000 5 14
1039617.480801 1246210.081874 5687.500000 6 14
1039858.558755 1246257.359357 5687.500000 7 14
1039979.318002 1246279.796990 5687.500000 8 14
1040100.243480 1246300.793565 5687.500000 9 14
1040221.349728 1246319.868842 5687.500000 10 14
1040342.651285 1246336.542582 5687.500000 11 14
1040464.162689 1246350.334546 5687.500000 12 14
1040585.898479 1246360.764494 5687.500000 13 14
1040709.060678 1246367.560122 5687.500000 14 14
1040832.436049 1246370.927643 5687.500000 15 14
1040955.994138 1246371.356788 5687.500000 16 14
1041079.704493 1246369.337285 5687.500000 17 14
1041203.536659 1246365.358865 5687.500000 18 14
1041327.460185 1246359.911256 5687.500000 19 14
1041575.459503 1246346.567392 5687.500000 20 14
1038518.004031 1245740.069899 6500.000000 1 15
1038613.485780 1245753.039538 6500.000000 2 15
1038708.967529 1245766.009176 6500.000000 3 15
1038949.956929 1245802.021150 6500.000000 4 15
1039190.469947 1245841.059673 6500.000000 5 15
1039671.520774 1245922.266077 6500.000000 6 15
1039914.335337 1245961.462265 6500.000000 7 15
1040035.963305 1245979.570083 6500.000000 8 15
1040157.731632 1245996.180662 6500.000000 9 15
1040279.635246 1246010.916213 6500.000000 10 15
1040401.669071 1246023.398945 6500.000000 11 15
1040523.828035 1246033.251069 6500.000000 12 15
1040646.107064 1246040.094792 6500.000000 13 15
1040769.956903 1246043.709036 6500.000000 14 15
1040893.909769 1246044.289415 6500.000000 15 15
1041017.950943 1246042.269339 6500.000000 16 15
1041142.065707 1246038.082216 6500.000000 17 15
1041266.239344 1246032.161457 6500.000000 18 15
1041390.457134 1246024.940470 6500.000000 19 15
1041638.966306 1246008.331450 6500.000000 20 15
