# Type: scattered data
# Version: 6
# Description: No description
# Format: free
# Field: 1 x
# Field: 2 y
# Field: 3 z feet
# Field: 4 column
# Field: 5 row
# Projection: Local Rectangular
# Units: meters
# End:
# Information from grid:
# Grid_size: 71 x 13
# Grid_space: 1037141.040699,1038153.090555,1236652.641793,1248848.170219
# Scattered data: Not_available
# Z_field: z
# Vertical_faults: Not_available
# History: No history
# Z_units: feet
1037141.040699 1236652.641793 -0.000000 1 1
1037001.197789 1237344.877524 -0.000000 2 1
1036945.298925 1237589.306872 -0.000000 3 1
1036889.400062 1237833.736219 -0.000000 4 1
1036751.325568 1238316.790537 -0.000000 5 1
1036581.521140 1238813.432305 -0.000000 6 1
1036509.577936 1239064.193088 -0.000000 7 1
1036482.132213 1239191.257932 -0.000000 8 1
1036462.384173 1239319.855070 -0.000000 9 1
1036453.669181 1239397.992405 -0.000000 10 1
1036406.347026 1239701.725304 -0.000000 11 1
1036397.869955 1239778.340658 -0.000000 12 1
1036389.392883 1239854.956013 -0.000000 13 1
1036385.854622 1240008.263968 -0.000000 14 1
1036399.800995 1240163.628823 5.073112 15 1
1036430.102609 1240316.931519 10.146224 16 1
1036474.053321 1240468.218211 15.219336 17 1
1036528.946989 1240617.535054 20.292448 18 1
1036592.077467 1240764.928204 25.365561 19 1
1036660.738613 1240910.443816 30.438673 20 1
1036803.828332 1241196.027049 40.584897 21 1
1036807.925790 1241204.195386 35.511785 22 1
1036812.023247 1241212.363724 30.438673 23 1
1036816.120704 1241220.532061 25.365561 24 1
1036820.218162 1241228.700398 20.292448 25 1
1036824.315619 1241236.868735 15.219336 26 1
1036828.413076 1241245.037073 10.146224 27 1
1036832.510534 1241253.205410 5.073112 28 1
1036836.607991 1241261.373747 -0.000000 29 1
1037071.966044 1241713.873096 -0.000000 30 1
1037288.283999 1242173.935438 -0.000000 31 1
1037325.302590 1242272.879273 -0.000000 32 1
1037362.321181 1242371.823107 -0.000000 33 1
1037425.756121 1242573.450416 -0.000000 34 1
1037479.601757 1242778.372351 -0.000000 35 1
1037524.871029 1242986.143896 -0.000000 36 1
1037562.576875 1243196.320037 -0.000000 37 1
1037593.732233 1243408.455758 -0.000000 38 1
1037617.087736 1243622.640819 -0.000000 39 1
1037640.443240 1243836.825880 -0.000000 40 1
1037650.232810 1243967.678528 -0.000000 41 1
1037660.022379 1244098.531175 -0.000000 42 1
1037667.610842 1244359.246167 -0.000000 43 1
1037664.784074 1244488.634258 -0.000000 44 1
1037656.410243 1244617.057125 -0.000000 45 1
1037641.639549 1244744.275552 -0.000000 46 1
1037619.622195 1244870.050322 -0.000000 47 1
1037586.849138 1245005.398280 -0.000000 48 1
1037546.306096 1245139.169912 -0.000000 49 1
1037449.339902 1245403.683264 -0.000000 50 1
1037343.583291 1245666.988509 -0.000000 51 1
1037293.739614 1245799.736144 -0.000000 52 1
1037243.895938 1245932.483778 -0.000000 53 1
1037216.291898 1246019.418814 -0.000000 54 1
1037188.687858 1246106.353849 -0.000000 55 1
1037139.938097 1246281.910802 -0.000000 56 1
1037052.765916 1246635.519457 -0.000000 57 1
1037008.525037 1246811.848709 -0.000000 58 1
1036964.284158 1246988.177961 -0.000000 59 1
1036939.090792 1247075.362592 -0.000000 60 1
1036913.897426 1247162.547224 -0.000000 61 1
1036885.147506 1247248.650877 -0.000000 62 1
1036856.397586 1247334.754530 -0.000000 63 1
1036798.255415 1247482.343944 -0.000000 64 1
1036740.113245 1247629.933358 -0.000000 65 1
1036629.252882 1247926.383965 -0.000000 66 1
1036594.034709 1248045.477755 -0.000000 67 1
1036564.150418 1248166.071523 -0.000000 68 1
1036517.335548 1248410.901867 -0.000000 69 1
1036482.712407 1248659.160733 -0.000000 70 1
1036454.185132 1248909.133862 -0.000000 71 1
1037252.237519 1236648.651598 812.500000 1 2
1037125.497336 1237340.417151 812.500000 2 2
1037079.277431 1237562.478578 812.500000 3 2
1037028.191991 1237783.492187 812.500000 4 2
1036905.150191 1238221.196087 812.500000 5 2
1036753.874559 1238670.884487 812.500000 6 2
1036690.661077 1238897.913574 812.500000 7 2
1036667.045227 1239012.904032 812.500000 8 2
1036650.617519 1239129.232603 812.500000 9 2
1036641.282948 1239227.957822 812.500000 10 2
1036597.329656 1239523.302628 812.500000 11 2
1036586.109551 1239621.422696 812.500000 12 2
1036574.889446 1239719.542765 812.500000 13 2
1036571.160838 1239915.906588 812.500000 14 2
1036584.110837 1240059.074737 816.938973 15 2
1036609.509575 1240200.787100 821.377946 16 2
1036645.399617 1240341.086939 825.816919 17 2
1036689.823525 1240480.017520 830.255892 18 2
1036743.133357 1240616.980740 834.694865 19 2
1036796.443190 1240753.943960 839.133839 20 2
1036913.709075 1241022.912535 848.011785 21 2
1036926.702363 1241051.908097 843.572812 22 2
1036939.695652 1241080.903658 839.133839 23 2
1036952.688940 1241109.899220 834.694865 24 2
1036965.682229 1241138.894782 830.255892 25 2
1036978.675517 1241167.890344 825.816919 26 2
1036991.668806 1241196.885906 821.377946 27 2
1037004.662094 1241225.881468 816.938973 28 2
1037017.655383 1241254.877030 812.500000 29 2
1037237.459044 1241688.280402 812.500000 30 2
1037444.037821 1242125.854390 812.500000 31 2
1037479.119799 1242222.747008 812.500000 32 2
1037514.201778 1242319.639625 812.500000 33 2
1037572.137507 1242517.524868 812.500000 34 2
1037619.510493 1242718.949863 812.500000 35 2
1037657.986221 1242923.354355 812.500000 36 2
1037689.230174 1243130.178089 812.500000 37 2
1037714.907839 1243338.860809 812.500000 38 2
1037735.567039 1243549.211498 812.500000 39 2
1037756.226239 1243759.562186 812.500000 40 2
1037767.689730 1243897.871106 812.500000 41 2
1037779.153221 1244036.180026 812.500000 42 2
1037792.177504 1244311.400892 812.500000 43 2
1037792.188164 1244447.955006 812.500000 44 2
1037786.377586 1244583.520933 812.500000 45 2
1037773.630581 1244717.885691 812.500000 46 2
1037752.831964 1244850.836299 812.500000 47 2
1037722.682289 1244984.883829 812.500000 48 2
1037684.926979 1245117.632642 812.500000 49 2
1037594.332479 1245380.811972 812.500000 50 2
1037496.514520 1245643.529990 812.500000 51 2
1037451.726837 1245776.236193 812.500000 52 2
1037406.939155 1245908.942396 812.500000 53 2
1037382.545612 1245998.888504 812.500000 54 2
1037358.152069 1246088.834612 812.500000 55 2
1037317.040525 1246270.558112 812.500000 56 2
1037246.313628 1246636.403239 812.500000 57 2
1037209.005610 1246818.344784 812.500000 58 2
1037171.697592 1247000.286330 812.500000 59 2
1037148.711108 1247089.921806 812.500000 60 2
1037125.724625 1247179.557283 812.500000 61 2
1037097.928085 1247267.786609 812.500000 62 2
1037070.131546 1247356.015934 812.500000 63 2
1037014.923692 1247496.492537 812.500000 64 2
1036959.715837 1247636.969140 812.500000 65 2
1036851.096092 1247918.423327 812.500000 66 2
1036814.282658 1248037.377673 812.500000 67 2
1036782.967209 1248157.904784 812.500000 68 2
1036733.688558 1248402.778580 812.500000 69 2
1036696.976728 1248651.247270 812.500000 70 2
1036666.548309 1248901.513406 812.500000 71 2
1037363.434339 1236644.661404 1625.000000 1 3
1037249.796883 1237335.956777 1625.000000 2 3
1037210.489441 1237535.034721 1625.000000 3 3
1037166.324678 1237733.132412 1625.000000 4 3
1037058.974814 1238125.601637 1625.000000 5 3
1036927.585130 1238528.491878 1625.000000 6 3
1036873.018110 1238731.774011 1625.000000 7 3
1036852.776021 1238834.638638 1625.000000 8 3
1036838.850864 1238938.610137 1625.000000 9 3
1036828.896716 1239057.923238 1625.000000 10 3
1036788.312285 1239344.879952 1625.000000 11 3
1036774.644309 1239464.436109 1625.000000 12 3
1036760.976332 1239583.992266 1625.000000 13 3
1036756.467053 1239823.549208 1625.000000 14 3
1036767.028804 1239955.391345 1628.804834 15 3
1036786.551555 1240086.390553 1632.609668 16 3
1036813.882463 1240216.484401 1636.414502 17 3
1036847.868683 1240345.610461 1640.219336 18 3
1036889.532183 1240473.159976 1644.024170 19 3
1036931.195684 1240600.709491 1647.829004 20 3
1037027.309804 1240851.188203 1655.438673 21 3
1037047.991683 1240901.245106 1651.633839 22 3
1037068.673562 1240951.302009 1647.829004 23 3
1037089.355440 1241001.358911 1644.024170 24 3
1037110.037319 1241051.415814 1640.219336 25 3
1037132.203683 1241100.656938 1636.414502 26 3
1037154.370047 1241149.898063 1632.609668 27 3
1037176.536411 1241199.139188 1628.804834 28 3
1037198.702775 1241248.380312 1625.000000 29 3
1037408.264264 1241661.217291 1625.000000 30 3
1037600.572637 1242079.041113 1625.000000 31 3
1037633.021938 1242174.277212 1625.000000 32 3
1037665.471240 1242269.513311 1625.000000 33 3
1037717.340491 1242464.095649 1625.000000 34 3
1037758.284861 1242662.184835 1625.000000 35 3
1037790.408822 1242863.177576 1625.000000 36 3
1037813.511112 1243067.319062 1625.000000 37 3
1037836.613402 1243271.460548 1625.000000 38 3
1037854.701705 1243477.789385 1625.000000 39 3
1037872.790008 1243684.118222 1625.000000 40 3
1037885.676634 1243829.572891 1625.000000 41 3
1037898.563259 1243975.027560 1625.000000 42 3
1037916.688486 1244264.225269 1625.000000 43 3
1037919.436143 1244407.717497 1625.000000 44 3
1037916.135459 1244550.224100 1625.000000 45 3
1037905.407654 1244691.559171 1625.000000 46 3
1037885.873950 1244831.536805 1625.000000 47 3
1037858.170949 1244964.232733 1625.000000 48 3
1037823.112871 1245095.875843 1625.000000 49 3
1037738.874034 1245357.454148 1625.000000 50 3
1037649.042539 1245619.172799 1625.000000 51 3
1037609.273015 1245751.552837 1625.000000 52 3
1037569.503491 1245883.932875 1625.000000 53 3
1037548.480153 1245976.795476 1625.000000 54 3
1037527.456814 1246069.658076 1625.000000 55 3
1037494.342326 1246257.321523 1625.000000 56 3
1037440.755044 1246634.892169 1625.000000 57 3
1037413.204816 1246823.013877 1625.000000 58 3
1037380.431908 1247009.502848 1625.000000 59 3
1037359.664755 1247101.484592 1625.000000 60 3
1037338.897602 1247193.466336 1625.000000 61 3
1037311.980392 1247283.738965 1625.000000 62 3
1037285.063182 1247374.011595 1625.000000 63 3
1037232.032212 1247508.124369 1625.000000 64 3
1037179.001242 1247642.237142 1625.000000 65 3
1037072.939301 1247910.462690 1625.000000 66 3
1037034.561382 1248029.302505 1625.000000 67 3
1037001.833240 1248149.777908 1625.000000 68 3
1036950.097843 1248394.700852 1625.000000 69 3
1036911.276221 1248643.362280 1625.000000 70 3
1036878.911487 1248893.892951 1625.000000 71 3
1037419.032749 1236642.666307 2031.250000 1 4
1037311.946657 1237333.726590 2031.250000 2 4
1037273.573090 1237520.824563 2031.250000 3 4
1037235.199523 1237707.922536 2031.250000 4 4
1037135.887125 1238077.804412 2031.250000 5 4
1037014.739868 1238457.318414 2031.250000 6 4
1036964.471903 1238648.723015 2031.250000 7 4
1036945.816778 1238745.517381 2031.250000 8 4
1036932.967537 1238843.298903 2031.250000 9 4
1036922.703600 1238972.905947 2031.250000 10 4
1036883.803600 1239255.668614 2031.250000 11 4
1036869.028120 1239385.932246 2031.250000 12 4
1036854.252639 1239516.195879 2031.250000 13 4
1036849.120161 1239777.370519 2031.250000 14 4
1036858.385129 1239903.795690 2034.737765 15 4
1036875.175805 1240029.604827 2038.225529 16 4
1036898.647686 1240154.704338 2041.713294 17 4
1036927.956273 1240279.000631 2045.201058 18 4
1036964.330915 1240401.904913 2048.688823 19 4
1037000.705557 1240524.809196 2052.176587 20 4
1037086.667648 1240766.281792 2059.152117 21 4
1037110.733760 1240826.742125 2055.664352 22 4
1037134.799872 1240887.202458 2052.176587 23 4
1037158.865985 1240947.662791 2048.688823 24 4
1037182.932097 1241008.123125 2045.201058 25 4
1037209.505690 1241067.375332 2041.713294 26 4
1037236.079284 1241126.627539 2038.225529 27 4
1037262.652877 1241185.879746 2034.737765 28 4
1037289.226471 1241245.131954 2031.250000 29 4
1037493.948491 1241648.164866 2031.250000 30 4
1037679.376957 1242056.506067 2031.250000 31 4
1037710.545692 1242150.935781 2031.250000 32 4
1037741.714427 1242245.365495 2031.250000 33 4
1037790.645168 1242438.336859 2031.250000 34 4
1037828.471330 1242634.797511 2031.250000 35 4
1037857.495062 1242834.124799 2031.250000 36 4
1037877.919447 1243036.506740 2031.250000 37 4
1037898.343832 1243238.888681 2031.250000 38 4
1037914.976252 1243443.267992 2031.250000 39 4
1037931.608672 1243647.647303 2031.250000 40 4
1037945.018146 1243796.510451 2031.250000 41 4
1037958.427620 1243945.373599 2031.250000 42 4
1037978.888731 1244241.217799 2031.250000 43 4
1037982.949328 1244388.009769 2031.250000 44 4
1037980.877542 1244533.822000 2031.250000 45 4
1037971.159067 1244678.484756 2031.250000 46 4
1037952.279593 1244821.828297 2031.250000 47 4
1037925.738953 1244953.766066 2031.250000 48 4
1037891.988671 1245084.764583 2031.250000 49 4
1037810.885746 1245345.328677 2031.250000 50 4
1037725.023948 1245606.290198 2031.250000 51 4
1037685.325076 1245737.785501 2031.250000 52 4
1037650.456408 1245870.418768 2031.250000 53 4
1037631.188376 1245964.665108 2031.250000 54 4
1037611.920343 1246058.911447 2031.250000 55 4
1037582.979132 1246249.383353 2031.250000 56 4
1037538.347604 1246632.478108 2031.250000 57 4
1037514.890449 1246823.207588 2031.250000 58 4
1037485.494476 1247012.129558 2031.250000 59 4
1037465.885371 1247105.213445 2031.250000 60 4
1037446.276266 1247198.297332 2031.250000 61 4
1037419.814334 1247289.530780 2031.250000 62 4
1037393.352402 1247380.764227 2031.250000 63 4
1037340.979528 1247512.193763 2031.250000 64 4
1037288.606654 1247643.623299 2031.250000 65 4
1037183.860906 1247906.482371 2031.250000 66 4
1037144.715991 1248025.275806 2031.250000 67 4
1037111.290651 1248145.731884 2031.250000 68 4
1037058.330365 1248390.681890 2031.250000 69 4
1037018.443393 1248639.432224 2031.250000 70 4
1036985.093076 1248890.082723 2031.250000 71 4
1037474.631159 1236640.671209 2437.500000 1 5
1037374.096430 1237331.496403 2437.500000 2 5
1037339.031873 1237507.097274 2437.500000 3 5
1037303.967316 1237682.698145 2437.500000 4 5
1037212.799437 1238030.007187 2437.500000 5 5
1037102.025547 1238386.149317 2437.500000 6 5
1037056.043213 1238565.674354 2437.500000 7 5
1037038.931720 1238656.397213 2437.500000 8 5
1037027.084210 1238747.987670 2437.500000 9 5
1037016.510484 1238887.888655 2437.500000 10 5
1036979.294915 1239166.457276 2437.500000 11 5
1036961.007060 1239307.154974 2437.500000 12 5
1036947.691362 1239448.396356 2437.500000 13 5
1036941.773269 1239731.191829 2437.500000 14 5
1036949.756463 1239852.385238 2440.670695 15 5
1036964.031463 1239973.139134 2443.841390 16 5
1036984.000787 1240093.343008 2447.012085 17 5
1037009.066956 1240212.886351 2450.182780 18 5
1037040.583431 1240331.217882 2453.353475 19 5
1037072.099906 1240449.549412 2456.524170 20 5
1037148.350473 1240682.244247 2462.865561 21 5
1037175.361432 1240753.029464 2459.694865 22 5
1037202.372391 1240823.814682 2456.524170 23 5
1037229.383350 1240894.599900 2453.353475 24 5
1037256.394308 1240965.385117 2450.182780 25 5
1037287.233273 1241034.509736 2447.012085 26 5
1037318.072238 1241103.634356 2443.841390 27 5
1037348.911202 1241172.758975 2440.670695 28 5
1037379.750167 1241241.883595 2437.500000 29 5
1037579.753525 1241635.577197 2437.500000 30 5
1037758.669379 1242034.763377 2437.500000 31 5
1037788.605786 1242128.398552 2437.500000 32 5
1037818.542193 1242222.033727 2437.500000 33 5
1037864.620377 1242413.422889 2437.500000 34 5
1037899.395236 1242608.289092 2437.500000 35 5
1037925.358075 1242805.990563 2437.500000 36 5
1037943.085493 1243006.661396 2437.500000 37 5
1037960.812910 1243207.332229 2437.500000 38 5
1037975.864114 1243409.822972 2437.500000 39 5
1037990.915317 1243612.313715 2437.500000 40 5
1038004.698921 1243764.437434 2437.500000 41 5
1038018.482525 1243916.561153 2437.500000 42 5
1038041.092244 1244218.746312 2437.500000 43 5
1038046.408448 1244368.685582 2437.500000 44 5
1038045.529763 1244517.653336 2437.500000 45 5
1038036.804351 1244665.497593 2437.500000 46 5
1038018.580373 1244812.066370 2437.500000 47 5
1037993.154542 1244943.162560 2437.500000 48 5
1037960.676432 1245073.426318 2437.500000 49 5
1037882.663383 1245332.775057 2437.500000 50 5
1037800.741237 1245592.749628 2437.500000 51 5
1037763.376757 1245723.795677 2437.500000 52 5
1037731.110006 1245855.987074 2437.500000 53 5
1037713.648669 1245951.545901 2437.500000 54 5
1037696.187333 1246047.104727 2437.500000 55 5
1037671.554415 1246240.234812 2437.500000 56 5
1037636.197019 1246628.546520 2437.500000 57 5
1037616.992125 1246821.735262 2437.500000 58 5
1037591.116157 1247012.950678 2437.500000 59 5
1037572.722532 1247107.073503 2437.500000 60 5
1037554.328907 1247201.196327 2437.500000 61 5
1037528.359538 1247293.336048 2437.500000 62 5
1037502.390169 1247385.475769 2437.500000 63 5
1037450.488255 1247514.732340 2437.500000 64 5
1037398.586340 1247643.988911 2437.500000 65 5
1037294.782511 1247902.502052 2437.500000 66 5
1037254.883475 1248021.258074 2437.500000 67 5
1037220.768661 1248141.700209 2437.500000 68 5
1037166.586430 1248386.679326 2437.500000 69 5
1037125.625278 1248635.512418 2437.500000 70 5
1037091.274665 1248886.272495 2437.500000 71 5
1037530.229569 1236638.676112 2843.750000 1 6
1037436.246204 1237329.266216 2843.750000 2 6
1037404.443654 1237493.364624 2843.750000 3 6
1037372.641104 1237657.463031 2843.750000 4 6
1037289.711749 1237982.209962 2843.750000 5 6
1037189.404288 1238314.978477 2843.750000 6 6
1037147.695926 1238482.622379 2843.750000 7 6
1037134.448405 1238567.649408 2843.750000 8 6
1037121.200883 1238652.676437 2843.750000 9 6
1037110.317368 1238802.871363 2843.750000 10 6
1037074.786230 1239077.245939 2843.750000 11 6
1037055.457238 1239228.645477 2843.750000 12 6
1037041.281738 1239380.603886 2843.750000 13 6
1037034.426376 1239685.013139 2843.750000 14 6
1037041.199601 1239801.176786 2846.603626 15 6
1037053.224460 1239917.032655 2849.457251 16 6
1037072.311247 1240032.196316 2852.310877 17 6
1037091.398033 1240147.359977 2855.164502 18 6
1037118.541518 1240261.216453 2858.018128 19 6
1037145.685003 1240375.072930 2860.871753 20 6
1037212.823276 1240599.249343 2866.579004 21 6
1037240.958580 1240680.825396 2863.725379 22 6
1037269.093884 1240762.401450 2860.871753 23 6
1037299.897736 1240842.828091 2858.018128 24 6
1037330.701588 1240923.254732 2855.164502 25 6
1037364.217185 1241002.603262 2852.310877 26 6
1037397.732782 1241081.951793 2849.457251 27 6
1037434.003323 1241160.293514 2846.603626 28 6
1037470.273863 1241238.635236 2843.750000 29 6
1037665.690443 1241623.537181 2843.750000 30 6
1037838.547524 1242013.971516 2843.750000 31 6
1037867.308774 1242106.826252 2843.750000 32 6
1037896.070024 1242199.680987 2843.750000 33 6
1037939.388702 1242389.522766 2843.750000 34 6
1037971.178327 1242582.836012 2843.750000 35 6
1037994.113667 1242778.959889 2843.750000 36 6
1038008.287135 1242978.806148 2843.750000 37 6
1038022.460604 1243178.652407 2843.750000 38 6
1038036.634072 1243378.498666 2843.750000 39 6
1038050.807540 1243578.344925 2843.750000 40 6
1038063.939867 1243732.988647 2843.750000 41 6
1038077.072193 1243887.632370 2843.750000 42 6
1038103.336846 1244196.919815 2843.750000 43 6
1038109.834877 1244349.824749 2843.750000 44 6
1038110.097772 1244501.768404 2843.750000 45 6
1038102.334821 1244652.617895 2843.750000 46 6
1038084.755316 1244802.240339 2843.750000 47 6
1038060.391182 1244932.390635 2843.750000 48 6
1038029.143525 1245061.808271 2843.750000 49 6
1037954.161987 1245319.697425 2843.750000 50 6
1037876.139389 1245578.411520 2843.750000 51 6
1037841.090408 1245708.860333 2843.750000 52 6
1037811.404421 1245840.454275 2843.750000 53 6
1037795.802962 1245937.238283 2843.750000 54 6
1037780.201503 1246034.022291 2843.750000 55 6
1037760.022727 1246229.627800 2843.750000 56 6
1037734.299680 1246622.786286 2843.750000 57 6
1037719.536451 1246818.256753 2843.750000 58 6
1037697.359447 1247011.599698 2843.750000 59 6
1037680.259317 1247106.686783 2843.750000 60 6
1037663.159187 1247201.773867 2843.750000 61 6
1037637.742690 1247294.755935 2843.750000 62 6
1037612.326193 1247387.738004 2843.750000 63 6
1037564.934697 1247516.264375 2843.750000 64 6
1037511.597837 1247643.410461 2843.750000 65 6
1037405.704116 1247898.521734 2843.750000 66 6
1037365.066134 1248017.251237 2843.750000 67 6
1037330.270952 1248137.685966 2843.750000 68 6
1037274.870244 1248382.696685 2843.750000 69 6
1037232.824507 1248631.605062 2843.750000 70 6
1037197.456254 1248882.462268 2843.750000 71 6
1037585.827978 1236636.681015 3250.000000 1 7
1037498.395978 1237327.036029 3250.000000 2 7
1037469.814637 1237479.628503 3250.000000 3 7
1037441.233296 1237632.220977 3250.000000 4 7
1037366.624060 1237934.412736 3250.000000 5 7
1037276.844193 1238243.800556 3250.000000 6 7
1037239.399876 1238399.562194 3250.000000 7 7
1037227.358716 1238478.463699 3250.000000 8 7
1037215.317556 1238557.365204 3250.000000 9 7
1037204.124252 1238717.854072 3250.000000 10 7
1037170.277545 1238988.034601 3250.000000 11 7
1037150.000500 1239150.149875 3250.000000 12 7
1037134.994626 1239312.829813 3250.000000 13 7
1037127.079484 1239638.834449 3250.000000 14 7
1037134.970632 1239750.078920 3252.536556 15 7
1037142.861779 1239861.323391 3255.073112 16 7
1037159.004084 1239971.918764 3257.609668 17 7
1037175.146388 1240082.514138 3260.146224 18 7
1037198.455912 1240192.019139 3262.682780 19 7
1037221.765437 1240301.524141 3265.219336 20 7
1037280.551052 1240517.470854 3270.292448 21 7
1037310.120731 1240609.250749 3267.755892 22 7
1037339.690410 1240701.030644 3265.219336 23 7
1037372.937497 1240791.405209 3262.682780 24 7
1037406.184584 1240881.779775 3260.146224 25 7
1037443.054102 1240970.816613 3257.609668 26 7
1037479.923619 1241059.853451 3255.073112 27 7
1037520.360589 1241147.620164 3252.536556 28 7
1037560.797559 1241235.386877 3250.000000 29 7
1037751.787379 1241612.120603 3250.000000 30 7
1037919.109012 1241994.288954 3250.000000 31 7
1037946.758770 1242086.380898 3250.000000 32 7
1037974.408528 1242178.472843 3250.000000 33 7
1038015.065270 1242366.809611 3250.000000 34 7
1038043.934157 1242558.619397 3250.000000 35 7
1038063.870108 1242753.222337 3250.000000 36 7
1038075.748316 1242951.408852 3250.000000 37 7
1038087.626523 1243149.595367 3250.000000 38 7
1038099.504730 1243347.781882 3250.000000 39 7
1038111.382937 1243545.968397 3250.000000 40 7
1038124.953373 1243703.437729 3250.000000 41 7
1038138.523808 1243860.907061 3250.000000 42 7
1038165.664679 1244175.845724 3250.000000 43 7
1038173.253631 1244331.505699 3250.000000 44 7
1038174.589806 1244486.216475 3250.000000 45 7
1038167.743110 1244639.865325 3250.000000 46 7
1038150.783450 1244792.339522 3250.000000 47 7
1038127.422431 1244921.418943 3250.000000 48 7
1038097.357823 1245049.858244 3250.000000 49 7
1038025.338193 1245306.001150 3250.000000 50 7
1037951.165276 1245563.137576 3250.000000 51 7
1037918.409059 1245692.818775 3250.000000 52 7
1037891.279788 1245823.636854 3250.000000 53 7
1037877.591811 1245921.542923 3250.000000 54 7
1037863.903834 1246019.448991 3250.000000 55 7
1037848.333395 1246217.314436 3250.000000 56 7
1037832.643605 1246614.884973 3250.000000 57 7
1037822.541526 1246812.429928 3250.000000 58 7
1037804.279505 1247007.707916 3250.000000 59 7
1037788.572842 1247103.673392 3250.000000 60 7
1037772.866179 1247199.638867 3250.000000 61 7
1037750.667975 1247294.011683 3250.000000 62 7
1037723.310184 1247387.142714 3250.000000 63 7
1037676.481756 1247514.878049 3250.000000 64 7
1037623.223023 1247641.189484 3250.000000 65 7
1037516.625721 1247894.541415 3250.000000 66 7
1037475.266201 1248013.257689 3250.000000 67 7
1037439.801095 1248133.692984 3250.000000 68 7
1037383.185889 1248378.738343 3250.000000 69 7
1037340.043629 1248627.712893 3250.000000 70 7
1037303.637843 1248878.652040 3250.000000 71 7
1037641.426388 1236634.685917 3656.250000 1 8
1037560.545751 1237324.805842 3656.250000 2 8
1037535.151101 1237465.890864 3656.250000 3 8
1037509.756451 1237606.975886 3656.250000 4 8
1037443.536372 1237886.615511 3656.250000 5 8
1037364.316555 1238172.610561 3656.250000 6 8
1037331.128160 1238316.489246 3656.250000 7 8
1037320.281194 1238389.271608 3656.250000 8 8
1037309.434228 1238462.053970 3656.250000 9 8
1037297.931136 1238632.836780 3656.250000 10 8
1037265.768859 1238898.823263 3656.250000 11 8
1037244.620324 1239071.672785 3656.250000 12 8
1037228.788777 1239245.083775 3656.250000 13 8
1037219.732592 1239592.655759 3656.250000 14 8
1037226.375984 1239699.344840 3658.469487 15 8
1037233.019376 1239806.033921 3660.688973 16 8
1037246.725520 1239912.223717 3662.908460 17 8
1037260.431664 1240018.413514 3665.127946 18 8
1037280.476942 1240123.709979 3667.347433 19 8
1037300.522220 1240229.006444 3669.566919 20 8
1037351.843805 1240437.024618 3674.005892 21 8
1037382.304890 1240538.829115 3671.786406 22 8
1037412.765975 1240640.633612 3669.566919 23 8
1037447.950434 1240740.807280 3667.347433 24 8
1037483.134893 1240840.980948 3665.127946 25 8
1037522.931261 1240939.554772 3662.908460 26 8
1037562.727629 1241038.128595 3660.688973 27 8
1037607.024442 1241135.133557 3658.469487 28 8
1037651.321255 1241232.138519 3656.250000 29 8
1037838.080509 1241601.368088 3656.250000 30 8
1038000.418932 1241975.821339 3656.250000 31 8
1038027.022270 1242067.172294 3656.250000 32 8
1038053.625607 1242158.523249 3656.250000 33 8
1038091.716718 1242345.404424 3656.250000 34 8
1038117.725659 1242535.766289 3656.250000 35 8
1038134.685822 1242728.910267 3656.250000 36 8
1038144.191003 1242925.516645 3656.250000 37 8
1038153.696184 1243122.123022 3656.250000 38 8
1038163.201365 1243318.729400 3656.250000 39 8
1038172.706546 1243515.335777 3656.250000 40 8
1038186.557267 1243675.400031 3656.250000 41 8
1038200.407987 1243835.464285 3656.250000 42 8
1038228.109428 1244155.592792 3656.250000 43 8
1038236.685874 1244313.778307 3656.250000 44 8
1038239.014339 1244471.028691 3656.250000 45 8
1038233.025691 1244627.252126 3656.250000 46 8
1038216.650793 1244782.356794 3656.250000 47 8
1038194.232498 1244910.226945 3656.250000 48 8
1038165.301494 1245037.542296 3656.250000 49 8
1038096.169048 1245291.624947 3656.250000 50 8
1038025.788828 1245546.837440 3656.250000 51 8
1037995.298108 1245675.565093 3656.250000 52 8
1037970.696209 1245805.412466 3656.250000 53 8
1037958.972656 1245904.327340 3656.250000 54 8
1037947.249103 1246003.242214 3656.250000 55 8
1037936.441555 1246203.129623 3656.250000 56 8
1037931.203345 1246604.631196 3656.250000 57 8
1037926.001788 1246804.022245 3656.250000 58 8
1037911.898000 1247001.024726 3656.250000 59 8
1037897.702268 1247097.775903 3656.250000 60 8
1037883.506536 1247194.527081 3656.250000 61 8
1037862.269972 1247289.618350 3656.250000 62 8
1037835.441946 1247383.417753 3656.250000 63 8
1037788.956247 1247511.144302 3656.250000 64 8
1037735.473594 1247637.397868 3656.250000 65 8
1037627.547326 1247890.561096 3656.250000 66 8
1037585.484886 1248009.279770 3656.250000 67 8
1037549.361028 1248129.725011 3656.250000 68 8
1037491.535579 1248374.808581 3656.250000 69 8
1037447.284031 1248623.838587 3656.250000 70 8
1037409.819432 1248874.841812 3656.250000 71 8
1037697.024798 1236632.690820 4062.500000 1 9
1037622.695525 1237322.575656 4062.500000 2 9
1037600.459764 1237452.153784 4062.500000 3 9
1037578.224004 1237581.731912 4062.500000 4 9
1037520.448683 1237838.818286 4062.500000 5 9
1037451.793479 1238101.403550 4062.500000 6 9
1037422.854873 1238233.399029 4062.500000 7 9
1037413.202887 1238300.070883 4062.500000 8 9
1037403.550901 1238366.742737 4062.500000 9 9
1037391.738020 1238547.819488 4062.500000 10 9
1037361.260174 1238809.611925 4062.500000 11 9
1037339.314286 1238993.214590 4062.500000 12 9
1037322.649840 1239177.366528 4062.500000 13 9
1037312.385699 1239546.477070 4062.500000 14 9
1037318.012982 1239648.803305 4064.402417 15 9
1037323.640265 1239751.129541 4066.304834 16 9
1037335.350064 1239853.071084 4068.207251 17 9
1037347.059863 1239955.012627 4070.109668 18 9
1037364.351849 1240056.234999 4072.012085 19 9
1037381.643835 1240157.457370 4073.914502 20 9
1037426.391522 1240357.794808 4077.719336 21 9
1037457.288984 1240469.449609 4075.816919 22 9
1037488.186447 1240581.104410 4073.914502 23 9
1037524.840987 1240690.942047 4072.012085 24 9
1037561.495527 1240800.779684 4070.109668 25 9
1037603.805744 1240908.758021 4068.207251 26 9
1037646.115961 1241016.736358 4066.304834 27 9
1037693.980456 1241122.813259 4064.402417 28 9
1037741.844951 1241228.890160 4062.500000 29 9
1037924.596878 1241591.198205 4062.500000 30 9
1038082.412181 1241958.463023 4062.500000 31 9
1038108.021173 1242049.097756 4062.500000 32 9
1038133.630165 1242139.732489 4062.500000 33 9
1038169.234009 1242325.208238 4062.500000 34 9
1038192.433592 1242514.174212 4062.500000 35 9
1038206.438794 1242705.914352 4062.500000 36 9
1038213.507435 1242901.009619 4062.500000 37 9
1038220.576077 1243096.104886 4062.500000 38 9
1038227.644718 1243291.200153 4062.500000 39 9
1038234.713359 1243486.295420 4062.500000 40 9
1038248.699123 1243648.741707 4062.500000 41 9
1038262.684887 1243811.187993 4062.500000 42 9
1038290.656415 1244136.080566 4062.500000 43 9
1038300.125143 1244296.583107 4062.500000 44 9
1038303.372167 1244456.167342 4062.500000 45 9
1038298.190044 1244614.762868 4062.500000 46 9
1038282.371327 1244772.299280 4062.500000 47 9
1038260.847283 1244898.836498 4062.500000 48 9
1038233.011147 1245024.897501 4062.500000 49 9
1038166.706398 1245276.636607 4062.500000 50 9
1038100.064674 1245529.608094 4062.500000 51 9
1038071.807319 1245657.209572 4062.500000 52 9
1038049.693567 1245785.903456 4062.500000 53 9
1038039.975350 1245885.725380 4062.500000 54 9
1038030.257134 1245985.547305 4062.500000 55 9
1038024.344222 1246187.237869 4062.500000 56 9
1038029.929033 1246592.221502 4062.500000 57 9
1038029.846790 1246793.245748 4062.500000 58 9
1038020.128138 1246991.779065 4062.500000 59 9
1038007.555616 1247089.233053 4062.500000 60 9
1037994.983094 1247186.687041 4062.500000 61 9
1037974.816305 1247282.427024 4062.500000 62 9
1037948.621676 1247376.835266 4062.500000 63 9
1037902.295173 1247505.266397 4062.500000 64 9
1037848.314911 1247632.171469 4062.500000 65 9
1037738.468931 1247886.580777 4062.500000 66 9
1037695.720471 1248005.318195 4062.500000 67 9
1037658.947999 1248125.783186 4062.500000 68 9
1037599.916171 1248370.908703 4062.500000 69 9
1037554.543746 1248619.982959 4062.500000 70 9
1037516.001021 1248871.031585 4062.500000 71 9
1037752.623208 1236630.695723 4468.750000 1 10
1037684.845298 1237320.345469 4468.750000 2 10
1037665.747999 1237438.419560 4468.750000 3 10
1037646.650700 1237556.493651 4468.750000 4 10
1037597.360995 1237791.021061 4468.750000 5 10
1037539.246707 1238030.174189 4468.750000 6 10
1037514.554009 1238150.286648 4468.750000 7 10
1037506.110792 1238210.859076 4468.750000 8 10
1037497.667574 1238271.431504 4468.750000 9 10
1037485.544904 1238462.802197 4468.750000 10 10
1037456.751489 1238720.400587 4468.750000 11 10
1037434.087829 1238914.774483 4468.750000 12 10
1037416.577346 1239109.675973 4468.750000 13 10
1037405.038807 1239500.298380 4468.750000 14 10
1037409.839873 1239598.428640 4470.335348 15 10
1037414.640939 1239696.558901 4471.920695 16 10
1037424.712651 1239794.393446 4473.506043 17 10
1037434.784364 1239892.227990 4475.091390 18 10
1037449.755988 1239989.493789 4476.676738 19 10
1037464.727613 1240086.759589 4478.262085 20 10
1037503.729216 1240279.607639 4481.432780 21 10
1037534.698491 1240400.956670 4479.847433 22 10
1037565.667765 1240522.305702 4478.262085 23 10
1037603.384984 1240641.692021 4476.676738 24 10
1037641.102202 1240761.078339 4475.091390 25 10
1037685.556103 1240878.351253 4473.506043 26 10
1037730.010003 1240995.624167 4471.920695 27 10
1037781.189325 1241110.632984 4470.335348 28 10
1037832.368647 1241225.641801 4468.750000 29 10
1038011.340454 1241581.510498 4468.750000 30 10
1038164.991152 1241942.055536 4468.750000 31 10
1038189.644852 1242031.999567 4468.750000 32 10
1038214.298552 1242121.943598 4468.750000 33 10
1038247.475882 1242306.061207 4468.750000 34 10
1038267.907023 1242493.676801 4468.750000 35 10
1038278.975857 1242684.058817 4468.750000 36 10
1038282.768994 1242877.127342 4468.750000 37 10
1038286.562130 1243070.195867 4468.750000 38 10
1038291.933940 1243264.407864 4468.750000 39 10
1038297.305750 1243458.619860 4468.750000 40 10
1038311.297999 1243623.263060 4468.750000 41 10
1038325.290248 1243787.906259 4468.750000 42 10
1038353.274745 1244117.192658 4468.750000 43 10
1038363.554468 1244279.834421 4468.750000 44 10
1038367.659487 1244441.578284 4468.750000 45 10
1038363.244955 1244602.375585 4468.750000 46 10
1038347.966025 1244762.177663 4468.750000 47 10
1038327.302453 1244887.279572 4468.750000 48 10
1038300.535709 1245011.977663 4468.750000 49 10
1038237.018643 1245261.134337 4468.750000 50 10
1038174.066696 1245511.591594 4468.750000 51 10
1038148.006353 1245637.915412 4468.750000 52 10
1038128.331742 1245765.293341 4468.750000 53 10
1038120.649288 1245865.937630 4468.750000 54 10
1038112.966835 1245966.581920 4468.750000 55 10
1038112.054120 1246169.887127 4468.750000 56 10
1038128.772826 1246577.957135 4468.750000 57 10
1038133.998024 1246780.426789 4468.750000 58 10
1038128.862970 1246980.322778 4468.750000 59 10
1038120.471877 1247078.947032 4468.750000 60 10
1038107.164553 1247176.497531 4468.750000 61 10
1038088.165611 1247272.830826 4468.750000 62 10
1038062.699661 1247367.803473 4468.750000 63 10
1038016.392087 1247497.548379 4468.750000 64 10
1037961.681402 1247625.713008 4468.750000 65 10
1037849.390536 1247882.600459 4468.750000 66 10
1037805.970217 1248001.372859 4468.750000 67 10
1037768.557629 1248121.867344 4468.750000 68 10
1037708.322658 1248367.038520 4468.750000 69 10
1037661.819645 1248616.145890 4468.750000 70 10
1037622.182610 1248867.221357 4468.750000 71 10
1037808.221618 1236628.700626 4875.000000 1 11
1037746.995072 1237318.115282 4875.000000 2 11
1037731.024093 1237424.690821 4875.000000 3 11
1037715.053115 1237531.266359 4875.000000 4 11
1037674.273306 1237743.223836 4875.000000 5 11
1037626.646180 1237958.916449 4875.000000 6 11
1037606.198139 1238067.146500 4875.000000 7 11
1037598.991193 1238121.633385 4875.000000 8 11
1037591.784247 1238176.120270 4875.000000 9 11
1037579.351788 1238377.784905 4875.000000 10 11
1037552.242804 1238631.189249 4875.000000 11 11
1037528.952993 1238836.351614 4875.000000 12 11
1037510.580848 1239042.009437 4875.000000 13 11
1037497.691915 1239454.119690 4875.000000 14 11
1037501.816544 1239548.194693 4876.268278 15 11
1037505.941174 1239642.269697 4877.536556 16 11
1037514.659313 1239736.119285 4878.804834 17 11
1037523.377452 1239829.968874 4880.073112 18 11
1037536.386704 1239923.377372 4881.341390 19 11
1037549.395956 1240016.785871 4882.609668 20 11
1037583.391892 1240202.289337 4885.146224 21 11
1037614.146781 1240333.198019 4883.877946 22 11
1037644.901671 1240464.106702 4882.609668 23 11
1037683.335023 1240592.945831 4881.341390 24 11
1037721.768375 1240721.784960 4880.073112 25 11
1037768.045162 1240848.263196 4878.804834 26 11
1037814.321950 1240974.741432 4877.536556 27 11
1037868.607147 1241098.567437 4876.268278 28 11
1037922.892343 1241222.393442 4875.000000 29 11
1038098.299625 1241572.213373 4875.000000 30 11
1038248.058225 1241926.440405 4875.000000 31 11
1038271.785414 1242015.718494 4875.000000 32 11
1038295.512604 1242104.996583 4875.000000 33 11
1038326.310211 1242287.798818 4875.000000 34 11
1038344.006091 1242474.102507 4875.000000 35 11
1038352.155286 1242663.163045 4875.000000 36 11
1038353.094546 1242854.869652 4875.000000 37 11
1038354.033805 1243046.576259 4875.000000 38 11
1038357.209964 1243239.328945 4875.000000 39 11
1038360.386123 1243432.081631 4875.000000 40 11
1038372.935560 1243599.557780 4875.000000 41 11
1038385.484996 1243767.033929 4875.000000 42 11
1038415.929577 1244098.814050 4875.000000 43 11
1038426.953383 1244263.447736 4875.000000 44 11
1038431.869865 1244427.208209 4875.000000 45 11
1038428.197774 1244590.068747 4875.000000 46 11
1038413.455859 1244752.002626 4875.000000 47 11
1038393.632871 1244875.587639 4875.000000 48 11
1038367.922538 1244998.835522 4875.000000 49 11
1038307.171573 1245245.214367 4875.000000 50 11
1038247.866436 1245492.928094 4875.000000 51 11
1038223.963388 1245617.844581 4875.000000 52 11
1038206.670598 1245743.765639 4875.000000 53 11
1038201.045408 1245845.164822 4875.000000 54 11
1038195.420219 1245946.564006 4875.000000 55 11
1038199.589783 1246151.326401 4875.000000 56 11
1038227.695900 1246562.142219 4875.000000 57 11
1038238.386031 1246765.895115 4875.000000 58 11
1038238.003265 1246967.010985 4875.000000 59 11
1038231.589791 1247066.220577 4875.000000 60 11
1038219.924389 1247164.339564 4875.000000 61 11
1038202.179158 1247261.224162 4875.000000 62 11
1038177.526195 1247356.730589 4875.000000 63 11
1038131.137424 1247488.293727 4875.000000 64 11
1038075.503872 1247618.224569 4875.000000 65 11
1037960.312140 1247878.620140 4875.000000 66 11
1037916.231269 1247997.443248 4875.000000 67 11
1037878.185349 1248117.976663 4875.000000 68 11
1037816.749820 1248363.197092 4875.000000 69 11
1037769.108466 1248612.326793 4875.000000 70 11
1037728.364199 1248863.411129 4875.000000 71 11
1037919.418438 1236624.710431 5687.500000 1 12
1037871.294619 1237313.654908 5687.500000 2 12
1037860.495447 1237397.148527 5687.500000 3 12
1037849.696274 1237480.642147 5687.500000 4 12
1037828.097929 1237647.629386 5687.500000 5 12
1037801.143965 1237816.286627 5687.500000 6 12
1037790.580778 1237900.892215 5687.500000 7 12
1037785.299185 1237943.195009 5687.500000 8 12
1037780.017592 1237985.497804 5687.500000 9 12
1037766.965556 1238207.750322 5687.500000 10 12
1037743.225433 1238452.766574 5687.500000 11 12
1037721.082902 1238679.751193 5687.500000 12 12
1037698.940371 1238906.735812 5687.500000 13 12
1037682.998130 1239361.762310 5687.500000 14 12
1037686.057044 1239448.045172 5688.134139 15 12
1037689.115958 1239534.328033 5688.768278 16 12
1037695.709528 1239620.488569 5689.402417 17 12
1037702.303099 1239706.649104 5690.036556 18 12
1037712.174686 1239792.563182 5690.670695 19 12
1037722.046273 1239878.477261 5691.304834 20 12
1037747.832201 1240049.564241 5692.573112 21 12
1037777.539370 1240199.286262 5691.938973 22 12
1037807.246540 1240349.008283 5691.304834 23 12
1037843.885775 1240497.169626 5690.670695 24 12
1037885.397626 1240644.074757 5690.036556 25 12
1037931.970519 1240789.561853 5689.402417 26 12
1037983.792883 1240933.469094 5688.768278 27 12
1038041.053146 1241075.634659 5688.134139 28 12
1038103.939735 1241215.896725 5687.500000 29 12
1038272.772949 1241554.450226 5687.500000 30 12
1038415.266196 1241896.953328 5687.500000 31 12
1038439.651976 1241984.387157 5687.500000 32 12
1038459.121544 1242072.978966 5687.500000 33 12
1038485.255810 1242253.255486 5687.500000 34 12
1038497.556525 1242437.020820 5687.500000 35 12
1038499.911219 1242623.512899 5687.500000 36 12
1038495.121946 1242812.570960 5687.500000 37 12
1038490.332674 1243001.629020 5687.500000 38 12
1038486.174497 1243191.728925 5687.500000 39 12
1038487.620427 1243381.507300 5687.500000 40 12
1038496.124076 1243553.213236 5687.500000 41 12
1038509.721159 1243724.040947 5687.500000 42 12
1038541.191271 1244063.131016 5687.500000 43 12
1038553.562125 1244231.428038 5687.500000 44 12
1038560.022061 1244398.916160 5687.500000 45 12
1038557.819991 1244565.612713 5687.500000 46 12
1038544.204827 1244731.535030 5687.500000 47 12
1038526.054801 1244851.922509 5687.500000 48 12
1038502.464273 1244972.090655 5687.500000 49 12
1038447.248799 1245212.497375 5687.500000 50 12
1038395.132584 1245454.212051 5687.500000 51 12
1038375.416130 1245576.015141 5687.500000 52 12
1038362.689807 1245698.691542 5687.500000 53 12
1038358.567375 1245801.174191 5687.500000 54 12
1038359.741717 1245904.242309 5687.500000 55 12
1038374.241312 1246111.573696 5687.500000 56 12
1038425.668258 1246527.088288 5687.500000 57 12
1038447.637959 1246733.026471 5687.500000 58 12
1038457.140044 1246936.255228 5687.500000 59 12
1038454.878597 1247036.502788 5687.500000 60 12
1038446.695687 1247135.652050 5687.500000 61 12
1038431.656461 1247233.562701 5687.500000 62 12
1038408.826065 1247330.094425 5687.500000 63 12
1038362.115293 1247466.386360 5687.500000 64 12
1038304.217862 1247600.963797 5687.500000 65 12
1038182.155350 1247870.659503 5687.500000 66 12
1038136.777155 1247989.627479 5687.500000 67 12
1038097.478839 1248110.264824 5687.500000 68 12
1038033.647629 1248355.593692 5687.500000 69 12
1037983.713286 1248604.738259 5687.500000 70 12
1037940.727377 1248855.790674 5687.500000 71 12
1038030.615257 1236620.720236 6500.000000 1 13
1037995.594166 1237309.194534 6500.000000 2 13
1037992.176263 1237369.904635 6500.000000 3 13
1037988.758359 1237430.614735 6500.000000 4 13
1037981.922552 1237552.034936 6500.000000 5 13
1037975.086745 1237673.455136 6500.000000 6 13
1037971.668842 1237734.165237 6500.000000 7 13
1037969.959890 1237764.520287 6500.000000 8 13
1037968.250938 1237794.875337 6500.000000 9 13
1037954.579324 1238037.715738 6500.000000 10 13
1037934.208063 1238274.343898 6500.000000 11 13
1037911.259211 1238522.926490 6500.000000 12 13
1037888.310360 1238771.509083 6500.000000 13 13
1037868.304346 1239269.404931 6500.000000 14 13
1037870.393368 1239348.151974 6500.000000 15 13
1037872.482390 1239426.899017 6500.000000 16 13
1037877.306130 1239505.594845 6500.000000 17 13
1037882.129871 1239584.290673 6500.000000 18 13
1037890.595523 1239662.775337 6500.000000 19 13
1037899.061175 1239741.260002 6500.000000 20 13
1037915.992479 1239898.229332 6500.000000 21 13
1037941.471911 1240066.961144 6500.000000 22 13
1037972.096814 1240234.839430 6500.000000 23 13
1038008.243724 1240401.600171 6500.000000 24 13
1038050.289176 1240566.979347 6500.000000 25 13
1038098.609707 1240730.712939 6500.000000 26 13
1038153.581852 1240892.536926 6500.000000 27 13
1038215.582147 1241052.187288 6500.000000 28 13
1038284.987128 1241209.400007 6500.000000 29 13
1038447.777804 1241537.256423 6500.000000 30 13
1038583.255130 1241868.734022 6500.000000 31 13
1038606.019124 1241954.978023 6500.000000 32 13
1038623.565168 1242042.370216 6500.000000 33 13
1038645.105624 1242220.215835 6500.000000 34 13
1038652.080932 1242401.504186 6500.000000 35 13
1038648.695527 1242585.468578 6500.000000 36 13
1038638.177926 1242771.913645 6500.000000 37 13
1038627.660325 1242958.358712 6500.000000 38 13
1038618.419398 1243145.751070 6500.000000 39 13
1038615.635501 1243332.752699 6500.000000 40 13
1038621.602293 1243507.987060 6500.000000 41 13
1038634.012562 1243682.255167 6500.000000 42 13
1038666.092022 1244028.136157 6500.000000 43 13
1038679.725454 1244199.870805 6500.000000 44 13
1038687.730849 1244370.882733 6500.000000 45 13
1038687.090329 1244541.232825 6500.000000 46 13
1038674.786014 1244710.981962 6500.000000 47 13
1038658.375294 1244828.085231 6500.000000 48 13
1038636.981760 1244945.067953 6500.000000 49 13
1038587.406868 1245179.222934 6500.000000 50 13
1038542.382572 1245414.549265 6500.000000 51 13
1038526.677283 1245532.996174 6500.000000 52 13
1038518.230105 1245652.149306 6500.000000 53 13
1038517.959557 1245755.984512 6500.000000 54 13
1038523.620032 1245860.321489 6500.000000 55 13
1038548.560478 1246069.975521 6500.000000 56 13
1038623.704325 1246489.527273 6500.000000 57 13
1038657.213424 1246697.324064 6500.000000 58 13
1038676.884439 1246902.400844 6500.000000 59 13
1038678.922180 1247003.590961 6500.000000 60 13
1038674.370218 1247103.707151 6500.000000 61 13
1038662.185160 1247202.618106 6500.000000 62 13
1038641.323611 1247300.192518 6500.000000 63 13
1038594.264319 1247441.966834 6500.000000 64 13
1038533.806587 1247581.999991 6500.000000 65 13
1038403.998560 1247862.698865 6500.000000 66 13
1038357.343439 1247981.860801 6500.000000 67 13
1038316.804966 1248102.631531 6500.000000 68 13
1038250.582737 1248348.080059 6500.000000 69 13
1038198.341419 1248597.205829 6500.000000 70 13
1038153.090555 1248848.170219 6500.000000 71 13
